Web Search Interest: 2013; 2012; 2011; 2010; 2009
Brazil; 2004 - present

Interest over time
Week,2013,2012,2011,2010,2009
2004-01-04 - 2004-01-10,0,0,0,0,0
2004-01-11 - 2004-01-17,0,0,0,0,0
2004-01-18 - 2004-01-24,0,0,0,0,0
2004-01-25 - 2004-01-31,0,0,0,0,0
2004-02-01 - 2004-02-07,0,0,0,0,0
2004-02-08 - 2004-02-14,0,0,0,0,0
2004-02-15 - 2004-02-21,0,0,0,0,0
2004-02-22 - 2004-02-28,0,0,0,0,0
2004-02-29 - 2004-03-06,0,0,0,0,0
2004-03-07 - 2004-03-13,0,0,0,0,0
2004-03-14 - 2004-03-20,0,0,0,0,0
2004-03-21 - 2004-03-27,0,0,0,0,0
2004-03-28 - 2004-04-03,0,0,0,0,0
2004-04-04 - 2004-04-10,0,0,0,0,0
2004-04-11 - 2004-04-17,0,0,0,0,0
2004-04-18 - 2004-04-24,0,0,0,0,0
2004-04-25 - 2004-05-01,0,0,0,0,0
2004-05-02 - 2004-05-08,0,0,0,0,0
2004-05-09 - 2004-05-15,0,0,0,0,0
2004-05-16 - 2004-05-22,0,0,0,0,0
2004-05-23 - 2004-05-29,0,0,0,0,0
2004-05-30 - 2004-06-05,0,0,0,0,0
2004-06-06 - 2004-06-12,0,0,0,0,0
2004-06-13 - 2004-06-19,0,0,0,0,0
2004-06-20 - 2004-06-26,0,0,0,0,0
2004-06-27 - 2004-07-03,0,0,0,0,0
2004-07-04 - 2004-07-10,0,0,0,0,0
2004-07-11 - 2004-07-17,0,0,0,0,0
2004-07-18 - 2004-07-24,0,0,0,0,0
2004-07-25 - 2004-07-31,0,0,0,0,0
2004-08-01 - 2004-08-07,0,0,0,0,0
2004-08-08 - 2004-08-14,0,0,0,0,0
2004-08-15 - 2004-08-21,0,0,0,0,0
2004-08-22 - 2004-08-28,0,0,0,0,0
2004-08-29 - 2004-09-04,0,0,0,0,0
2004-09-05 - 2004-09-11,0,0,0,0,0
2004-09-12 - 2004-09-18,0,0,0,0,0
2004-09-19 - 2004-09-25,0,0,0,0,0
2004-09-26 - 2004-10-02,0,0,0,0,0
2004-10-03 - 2004-10-09,0,0,0,0,0
2004-10-10 - 2004-10-16,0,0,0,0,0
2004-10-17 - 2004-10-23,0,0,0,0,0
2004-10-24 - 2004-10-30,0,0,0,0,0
2004-10-31 - 2004-11-06,0,0,0,0,0
2004-11-07 - 2004-11-13,0,0,0,0,0
2004-11-14 - 2004-11-20,0,0,0,0,0
2004-11-21 - 2004-11-27,0,0,0,0,0
2004-11-28 - 2004-12-04,0,0,0,0,0
2004-12-05 - 2004-12-11,0,0,0,0,0
2004-12-12 - 2004-12-18,0,0,0,0,0
2004-12-19 - 2004-12-25,0,0,0,0,0
2004-12-26 - 2005-01-01,0,0,0,0,0
2005-01-02 - 2005-01-08,0,0,0,0,0
2005-01-09 - 2005-01-15,0,0,0,0,0
2005-01-16 - 2005-01-22,0,0,0,0,0
2005-01-23 - 2005-01-29,0,0,0,0,0
2005-01-30 - 2005-02-05,0,0,0,0,0
2005-02-06 - 2005-02-12,0,0,0,0,0
2005-02-13 - 2005-02-19,0,0,0,0,0
2005-02-20 - 2005-02-26,0,0,0,0,0
2005-02-27 - 2005-03-05,0,0,0,0,0
2005-03-06 - 2005-03-12,0,0,0,0,0
2005-03-13 - 2005-03-19,0,0,0,0,0
2005-03-20 - 2005-03-26,0,0,0,0,0
2005-03-27 - 2005-04-02,0,0,0,0,0
2005-04-03 - 2005-04-09,0,0,0,0,0
2005-04-10 - 2005-04-16,0,0,0,0,0
2005-04-17 - 2005-04-23,0,0,0,0,0
2005-04-24 - 2005-04-30,0,0,0,0,0
2005-05-01 - 2005-05-07,0,0,0,0,0
2005-05-08 - 2005-05-14,0,0,0,0,0
2005-05-15 - 2005-05-21,0,0,0,0,0
2005-05-22 - 2005-05-28,0,0,0,0,0
2005-05-29 - 2005-06-04,0,0,0,0,0
2005-06-05 - 2005-06-11,0,0,0,0,0
2005-06-12 - 2005-06-18,0,0,0,0,0
2005-06-19 - 2005-06-25,0,0,0,0,0
2005-06-26 - 2005-07-02,0,0,0,0,0
2005-07-03 - 2005-07-09,0,0,0,0,0
2005-07-10 - 2005-07-16,0,0,0,0,0
2005-07-17 - 2005-07-23,0,0,0,0,0
2005-07-24 - 2005-07-30,0,0,0,0,0
2005-07-31 - 2005-08-06,0,0,0,0,0
2005-08-07 - 2005-08-13,0,0,0,0,0
2005-08-14 - 2005-08-20,0,0,0,0,0
2005-08-21 - 2005-08-27,0,0,0,0,0
2005-08-28 - 2005-09-03,0,0,0,0,0
2005-09-04 - 2005-09-10,0,0,0,0,0
2005-09-11 - 2005-09-17,0,0,0,0,0
2005-09-18 - 2005-09-24,0,0,0,0,0
2005-09-25 - 2005-10-01,0,0,0,0,0
2005-10-02 - 2005-10-08,0,0,0,0,0
2005-10-09 - 2005-10-15,0,0,0,0,0
2005-10-16 - 2005-10-22,0,0,0,0,0
2005-10-23 - 2005-10-29,0,0,0,0,0
2005-10-30 - 2005-11-05,0,0,0,0,0
2005-11-06 - 2005-11-12,0,0,0,0,0
2005-11-13 - 2005-11-19,0,0,0,0,0
2005-11-20 - 2005-11-26,0,0,0,0,0
2005-11-27 - 2005-12-03,0,0,0,0,0
2005-12-04 - 2005-12-10,0,0,0,0,0
2005-12-11 - 2005-12-17,0,0,0,0,0
2005-12-18 - 2005-12-24,0,0,0,0,0
2005-12-25 - 2005-12-31,0,0,0,0,0
2006-01-01 - 2006-01-07,0,0,0,0,0
2006-01-08 - 2006-01-14,0,0,0,0,0
2006-01-15 - 2006-01-21,0,0,0,0,0
2006-01-22 - 2006-01-28,0,0,0,0,0
2006-01-29 - 2006-02-04,0,0,0,0,0
2006-02-05 - 2006-02-11,0,0,0,0,0
2006-02-12 - 2006-02-18,0,0,0,0,0
2006-02-19 - 2006-02-25,0,0,0,0,0
2006-02-26 - 2006-03-04,0,0,0,0,0
2006-03-05 - 2006-03-11,0,0,0,0,0
2006-03-12 - 2006-03-18,0,0,0,0,0
2006-03-19 - 2006-03-25,0,0,0,0,0
2006-03-26 - 2006-04-01,0,0,0,0,0
2006-04-02 - 2006-04-08,0,0,0,0,0
2006-04-09 - 2006-04-15,0,0,0,0,0
2006-04-16 - 2006-04-22,0,0,0,0,0
2006-04-23 - 2006-04-29,0,0,0,0,0
2006-04-30 - 2006-05-06,0,0,0,0,0
2006-05-07 - 2006-05-13,0,0,0,0,0
2006-05-14 - 2006-05-20,0,0,0,0,0
2006-05-21 - 2006-05-27,0,0,0,0,0
2006-05-28 - 2006-06-03,0,0,0,0,0
2006-06-04 - 2006-06-10,0,0,0,0,0
2006-06-11 - 2006-06-17,0,0,0,0,0
2006-06-18 - 2006-06-24,0,0,0,0,0
2006-06-25 - 2006-07-01,0,0,0,0,0
2006-07-02 - 2006-07-08,0,0,0,0,0
2006-07-09 - 2006-07-15,0,0,0,0,0
2006-07-16 - 2006-07-22,0,0,0,0,0
2006-07-23 - 2006-07-29,0,0,0,0,0
2006-07-30 - 2006-08-05,0,0,0,0,0
2006-08-06 - 2006-08-12,0,0,0,0,0
2006-08-13 - 2006-08-19,0,0,0,0,0
2006-08-20 - 2006-08-26,0,0,0,0,0
2006-08-27 - 2006-09-02,0,0,0,0,0
2006-09-03 - 2006-09-09,0,0,0,0,0
2006-09-10 - 2006-09-16,0,0,0,0,0
2006-09-17 - 2006-09-23,0,0,0,0,0
2006-09-24 - 2006-09-30,0,0,0,0,0
2006-10-01 - 2006-10-07,0,0,0,0,0
2006-10-08 - 2006-10-14,0,0,0,0,0
2006-10-15 - 2006-10-21,0,0,0,0,0
2006-10-22 - 2006-10-28,0,0,0,0,0
2006-10-29 - 2006-11-04,0,0,0,0,0
2006-11-05 - 2006-11-11,0,0,0,0,0
2006-11-12 - 2006-11-18,0,0,0,0,0
2006-11-19 - 2006-11-25,0,0,0,0,0
2006-11-26 - 2006-12-02,0,0,0,0,0
2006-12-03 - 2006-12-09,0,0,0,0,0
2006-12-10 - 2006-12-16,0,0,0,0,0
2006-12-17 - 2006-12-23,0,0,0,0,0
2006-12-24 - 2006-12-30,0,0,0,0,0
2006-12-31 - 2007-01-06,0,0,0,0,0
2007-01-07 - 2007-01-13,0,0,0,0,0
2007-01-14 - 2007-01-20,0,0,0,0,0
2007-01-21 - 2007-01-27,0,0,0,0,0
2007-01-28 - 2007-02-03,0,0,0,0,0
2007-02-04 - 2007-02-10,0,0,0,0,0
2007-02-11 - 2007-02-17,0,0,0,0,0
2007-02-18 - 2007-02-24,0,0,0,0,0
2007-02-25 - 2007-03-03,0,0,0,0,0
2007-03-04 - 2007-03-10,0,0,0,0,0
2007-03-11 - 2007-03-17,0,0,0,0,0
2007-03-18 - 2007-03-24,0,0,0,0,0
2007-03-25 - 2007-03-31,0,0,0,0,0
2007-04-01 - 2007-04-07,0,0,0,0,0
2007-04-08 - 2007-04-14,0,0,0,0,0
2007-04-15 - 2007-04-21,0,0,0,0,0
2007-04-22 - 2007-04-28,0,0,0,0,0
2007-04-29 - 2007-05-05,0,0,0,0,0
2007-05-06 - 2007-05-12,0,0,0,0,0
2007-05-13 - 2007-05-19,0,0,0,0,0
2007-05-20 - 2007-05-26,0,0,0,0,0
2007-05-27 - 2007-06-02,0,0,0,0,0
2007-06-03 - 2007-06-09,0,0,0,0,0
2007-06-10 - 2007-06-16,0,0,0,0,0
2007-06-17 - 2007-06-23,0,0,0,0,0
2007-06-24 - 2007-06-30,0,0,0,0,0
2007-07-01 - 2007-07-07,0,0,0,0,0
2007-07-08 - 2007-07-14,0,0,0,0,0
2007-07-15 - 2007-07-21,0,0,0,0,0
2007-07-22 - 2007-07-28,0,0,0,0,0
2007-07-29 - 2007-08-04,0,0,0,0,0
2007-08-05 - 2007-08-11,0,0,0,0,0
2007-08-12 - 2007-08-18,0,0,0,0,0
2007-08-19 - 2007-08-25,0,0,0,0,0
2007-08-26 - 2007-09-01,0,0,0,0,0
2007-09-02 - 2007-09-08,0,0,0,0,0
2007-09-09 - 2007-09-15,0,0,0,0,0
2007-09-16 - 2007-09-22,0,0,0,0,0
2007-09-23 - 2007-09-29,0,0,0,0,0
2007-09-30 - 2007-10-06,0,0,0,0,0
2007-10-07 - 2007-10-13,0,0,0,0,0
2007-10-14 - 2007-10-20,0,0,0,0,0
2007-10-21 - 2007-10-27,0,0,0,0,0
2007-10-28 - 2007-11-03,0,0,0,0,0
2007-11-04 - 2007-11-10,0,0,0,0,0
2007-11-11 - 2007-11-17,0,0,0,0,0
2007-11-18 - 2007-11-24,0,0,0,0,0
2007-11-25 - 2007-12-01,0,0,0,0,0
2007-12-02 - 2007-12-08,0,0,0,0,0
2007-12-09 - 2007-12-15,0,0,0,0,0
2007-12-16 - 2007-12-22,0,0,0,0,0
2007-12-23 - 2007-12-29,0,0,0,0,0
2007-12-30 - 2008-01-05,0,0,0,0,0
2008-01-06 - 2008-01-12,0,0,0,0,0
2008-01-13 - 2008-01-19,0,0,0,0,0
2008-01-20 - 2008-01-26,0,0,0,0,0
2008-01-27 - 2008-02-02,0,0,0,0,0
2008-02-03 - 2008-02-09,0,0,0,0,1
2008-02-10 - 2008-02-16,0,0,0,0,1
2008-02-17 - 2008-02-23,0,0,0,0,1
2008-02-24 - 2008-03-01,0,0,0,0,1
2008-03-02 - 2008-03-08,0,0,0,0,1
2008-03-09 - 2008-03-15,0,0,0,0,1
2008-03-16 - 2008-03-22,0,0,0,0,1
2008-03-23 - 2008-03-29,0,0,0,0,1
2008-03-30 - 2008-04-05,0,0,0,0,1
2008-04-06 - 2008-04-12,0,0,0,0,1
2008-04-13 - 2008-04-19,0,0,0,0,1
2008-04-20 - 2008-04-26,0,0,0,0,1
2008-04-27 - 2008-05-03,0,0,0,0,1
2008-05-04 - 2008-05-10,0,0,0,0,1
2008-05-11 - 2008-05-17,0,0,0,0,1
2008-05-18 - 2008-05-24,0,0,0,0,2
2008-05-25 - 2008-05-31,0,0,0,0,2
2008-06-01 - 2008-06-07,0,0,0,0,2
2008-06-08 - 2008-06-14,0,0,0,0,2
2008-06-15 - 2008-06-21,0,0,0,0,2
2008-06-22 - 2008-06-28,0,0,0,0,2
2008-06-29 - 2008-07-05,0,0,0,0,3
2008-07-06 - 2008-07-12,0,0,0,0,2
2008-07-13 - 2008-07-19,0,0,0,0,3
2008-07-20 - 2008-07-26,0,0,0,0,3
2008-07-27 - 2008-08-02,0,0,0,0,3
2008-08-03 - 2008-08-09,0,0,0,0,4
2008-08-10 - 2008-08-16,0,0,0,0,4
2008-08-17 - 2008-08-23,0,0,0,0,4
2008-08-24 - 2008-08-30,0,0,0,0,5
2008-08-31 - 2008-09-06,0,0,0,0,5
2008-09-07 - 2008-09-13,0,0,0,0,6
2008-09-14 - 2008-09-20,0,0,0,0,6
2008-09-21 - 2008-09-27,0,0,0,0,7
2008-09-28 - 2008-10-04,0,0,0,0,7
2008-10-05 - 2008-10-11,0,0,0,0,7
2008-10-12 - 2008-10-18,0,0,0,0,8
2008-10-19 - 2008-10-25,0,0,0,0,8
2008-10-26 - 2008-11-01,0,0,0,0,9
2008-11-02 - 2008-11-08,0,0,0,0,10
2008-11-09 - 2008-11-15,0,0,0,0,11
2008-11-16 - 2008-11-22,0,0,0,0,13
2008-11-23 - 2008-11-29,0,0,0,0,15
2008-11-30 - 2008-12-06,0,0,0,0,16
2008-12-07 - 2008-12-13,0,0,0,0,20
2008-12-14 - 2008-12-20,0,0,0,0,25
2008-12-21 - 2008-12-27,0,0,0,0,25
2008-12-28 - 2009-01-03,0,0,0,0,40
2009-01-04 - 2009-01-10,0,0,0,0,46
2009-01-11 - 2009-01-17,0,0,0,0,43
2009-01-18 - 2009-01-24,0,0,0,0,43
2009-01-25 - 2009-01-31,0,0,0,1,42
2009-02-01 - 2009-02-07,0,0,0,1,43
2009-02-08 - 2009-02-14,0,0,0,1,41
2009-02-15 - 2009-02-21,0,0,0,1,43
2009-02-22 - 2009-02-28,0,0,0,1,57
2009-03-01 - 2009-03-07,0,1,0,1,46
2009-03-08 - 2009-03-14,0,1,0,1,44
2009-03-15 - 2009-03-21,0,0,0,1,43
2009-03-22 - 2009-03-28,0,0,0,1,42
2009-03-29 - 2009-04-04,0,0,0,1,41
2009-04-05 - 2009-04-11,0,0,0,1,40
2009-04-12 - 2009-04-18,0,0,0,1,39
2009-04-19 - 2009-04-25,0,0,0,1,41
2009-04-26 - 2009-05-02,0,0,0,1,44
2009-05-03 - 2009-05-09,0,0,0,2,45
2009-05-10 - 2009-05-16,0,0,0,2,45
2009-05-17 - 2009-05-23,0,0,0,2,44
2009-05-24 - 2009-05-30,0,0,0,2,43
2009-05-31 - 2009-06-06,0,0,0,2,44
2009-06-07 - 2009-06-13,0,0,0,3,42
2009-06-14 - 2009-06-20,0,1,0,2,49
2009-06-21 - 2009-06-27,0,1,0,3,45
2009-06-28 - 2009-07-04,0,0,0,3,43
2009-07-05 - 2009-07-11,0,0,0,3,44
2009-07-12 - 2009-07-18,0,0,0,3,54
2009-07-19 - 2009-07-25,0,0,0,3,43
2009-07-26 - 2009-08-01,0,0,0,3,41
2009-08-02 - 2009-08-08,0,0,0,4,41
2009-08-09 - 2009-08-15,0,0,0,4,40
2009-08-16 - 2009-08-22,0,0,0,4,40
2009-08-23 - 2009-08-29,0,1,0,5,41
2009-08-30 - 2009-09-05,0,0,0,5,41
2009-09-06 - 2009-09-12,0,0,0,6,41
2009-09-13 - 2009-09-19,0,0,0,7,44
2009-09-20 - 2009-09-26,0,0,0,7,48
2009-09-27 - 2009-10-03,0,1,0,7,51
2009-10-04 - 2009-10-10,0,1,0,8,48
2009-10-11 - 2009-10-17,0,1,0,9,44
2009-10-18 - 2009-10-24,0,1,0,10,44
2009-10-25 - 2009-10-31,0,1,0,10,43
2009-11-01 - 2009-11-07,0,1,0,13,44
2009-11-08 - 2009-11-14,0,5,0,13,45
2009-11-15 - 2009-11-21,0,5,0,15,44
2009-11-22 - 2009-11-28,0,4,0,17,40
2009-11-29 - 2009-12-05,0,2,0,21,43
2009-12-06 - 2009-12-12,0,2,0,21,48
2009-12-13 - 2009-12-19,0,2,0,25,36
2009-12-20 - 2009-12-26,0,2,0,27,33
2009-12-27 - 2010-01-02,0,2,0,43,32
2010-01-03 - 2010-01-09,0,1,0,56,24
2010-01-10 - 2010-01-16,0,1,1,56,20
2010-01-17 - 2010-01-23,0,1,1,55,18
2010-01-24 - 2010-01-30,0,1,1,60,20
2010-01-31 - 2010-02-06,0,1,1,67,17
2010-02-07 - 2010-02-13,0,1,1,67,13
2010-02-14 - 2010-02-20,0,1,1,77,13
2010-02-21 - 2010-02-27,0,1,1,61,11
2010-02-28 - 2010-03-06,0,1,1,62,11
2010-03-07 - 2010-03-13,0,1,1,59,10
2010-03-14 - 2010-03-20,0,1,1,61,9
2010-03-21 - 2010-03-27,0,1,1,62,9
2010-03-28 - 2010-04-03,0,1,1,61,8
2010-04-04 - 2010-04-10,0,1,1,55,8
2010-04-11 - 2010-04-17,0,1,2,54,7
2010-04-18 - 2010-04-24,0,1,2,58,7
2010-04-25 - 2010-05-01,0,0,2,60,8
2010-05-02 - 2010-05-08,0,0,2,58,6
2010-05-09 - 2010-05-15,0,0,2,70,6
2010-05-16 - 2010-05-22,0,0,3,64,6
2010-05-23 - 2010-05-29,0,0,3,64,6
2010-05-30 - 2010-06-05,0,1,3,65,5
2010-06-06 - 2010-06-12,0,0,3,72,5
2010-06-13 - 2010-06-19,0,0,3,76,5
2010-06-20 - 2010-06-26,0,0,3,81,4
2010-06-27 - 2010-07-03,0,0,3,75,4
2010-07-04 - 2010-07-10,0,0,3,65,5
2010-07-11 - 2010-07-17,0,0,4,61,4
2010-07-18 - 2010-07-24,0,0,4,54,4
2010-07-25 - 2010-07-31,0,0,4,51,4
2010-08-01 - 2010-08-07,0,0,5,51,4
2010-08-08 - 2010-08-14,0,0,5,50,4
2010-08-15 - 2010-08-21,0,0,6,51,4
2010-08-22 - 2010-08-28,0,0,7,51,3
2010-08-29 - 2010-09-04,0,0,7,49,3
2010-09-05 - 2010-09-11,0,0,7,50,3
2010-09-12 - 2010-09-18,0,0,9,52,3
2010-09-19 - 2010-09-25,0,0,8,52,3
2010-09-26 - 2010-10-02,0,0,9,58,3
2010-10-03 - 2010-10-09,0,0,9,87,3
2010-10-10 - 2010-10-16,0,1,10,50,3
2010-10-17 - 2010-10-23,0,0,12,45,3
2010-10-24 - 2010-10-30,0,0,13,46,3
2010-10-31 - 2010-11-06,0,1,14,52,4
2010-11-07 - 2010-11-13,0,0,15,54,3
2010-11-14 - 2010-11-20,0,1,19,43,3
2010-11-21 - 2010-11-27,0,1,18,38,3
2010-11-28 - 2010-12-04,0,1,22,35,3
2010-12-05 - 2010-12-11,0,1,23,34,2
2010-12-12 - 2010-12-18,0,1,24,31,2
2010-12-19 - 2010-12-25,0,1,26,30,2
2010-12-26 - 2011-01-01,0,1,43,31,2
2011-01-02 - 2011-01-08,0,1,52,23,2
2011-01-09 - 2011-01-15,0,1,55,23,2
2011-01-16 - 2011-01-22,0,1,64,23,2
2011-01-23 - 2011-01-29,0,1,58,15,2
2011-01-30 - 2011-02-05,0,1,54,14,2
2011-02-06 - 2011-02-12,0,1,57,12,2
2011-02-13 - 2011-02-19,0,1,57,11,2
2011-02-20 - 2011-02-26,0,1,56,10,2
2011-02-27 - 2011-03-05,0,1,65,10,2
2011-03-06 - 2011-03-12,0,2,74,10,2
2011-03-13 - 2011-03-19,0,2,58,9,2
2011-03-20 - 2011-03-26,0,2,59,9,2
2011-03-27 - 2011-04-02,0,2,61,8,2
2011-04-03 - 2011-04-09,0,2,59,7,2
2011-04-10 - 2011-04-16,0,2,57,7,2
2011-04-17 - 2011-04-23,0,2,56,7,2
2011-04-24 - 2011-04-30,0,2,58,7,2
2011-05-01 - 2011-05-07,0,2,57,6,2
2011-05-08 - 2011-05-14,0,3,58,6,2
2011-05-15 - 2011-05-21,0,3,63,6,2
2011-05-22 - 2011-05-28,0,3,68,6,2
2011-05-29 - 2011-06-04,0,3,64,6,2
2011-06-05 - 2011-06-11,0,3,70,6,2
2011-06-12 - 2011-06-18,0,4,61,6,2
2011-06-19 - 2011-06-25,0,4,62,6,2
2011-06-26 - 2011-07-02,0,4,61,5,2
2011-07-03 - 2011-07-09,0,4,60,5,2
2011-07-10 - 2011-07-16,0,4,60,5,2
2011-07-17 - 2011-07-23,0,4,58,5,2
2011-07-24 - 2011-07-30,0,5,57,5,2
2011-07-31 - 2011-08-06,0,6,58,5,2
2011-08-07 - 2011-08-13,0,6,54,5,2
2011-08-14 - 2011-08-20,0,7,54,4,2
2011-08-21 - 2011-08-27,0,7,54,5,2
2011-08-28 - 2011-09-03,0,8,57,4,2
2011-09-04 - 2011-09-10,0,9,57,4,2
2011-09-11 - 2011-09-17,0,9,59,5,2
2011-09-18 - 2011-09-24,0,8,55,5,2
2011-09-25 - 2011-10-01,0,10,54,4,2
2011-10-02 - 2011-10-08,0,10,53,4,2
2011-10-09 - 2011-10-15,0,11,52,4,2
2011-10-16 - 2011-10-22,0,12,53,5,2
2011-10-23 - 2011-10-29,0,13,59,5,2
2011-10-30 - 2011-11-05,0,14,46,4,2
2011-11-06 - 2011-11-12,0,16,44,4,2
2011-11-13 - 2011-11-19,0,18,43,5,2
2011-11-20 - 2011-11-26,0,18,40,4,2
2011-11-27 - 2011-12-03,0,20,37,4,2
2011-12-04 - 2011-12-10,0,23,37,4,2
2011-12-11 - 2011-12-17,0,23,34,4,2
2011-12-18 - 2011-12-24,0,28,37,4,2
2011-12-25 - 2011-12-31,0,42,36,4,2
2012-01-01 - 2012-01-07,0,54,29,4,1
2012-01-08 - 2012-01-14,1,54,23,4,1
2012-01-15 - 2012-01-21,1,56,18,3,1
2012-01-22 - 2012-01-28,1,55,16,3,1
2012-01-29 - 2012-02-04,1,55,14,3,1
2012-02-05 - 2012-02-11,1,59,13,3,1
2012-02-12 - 2012-02-18,1,66,12,3,1
2012-02-19 - 2012-02-25,1,73,12,3,1
2012-02-26 - 2012-03-03,1,60,10,3,1
2012-03-04 - 2012-03-10,1,57,9,3,1
2012-03-11 - 2012-03-17,1,59,8,3,1
2012-03-18 - 2012-03-24,1,58,8,3,1
2012-03-25 - 2012-03-31,1,60,7,3,1
2012-04-01 - 2012-04-07,1,56,7,3,1
2012-04-08 - 2012-04-14,1,56,6,3,1
2012-04-15 - 2012-04-21,2,60,6,3,1
2012-04-22 - 2012-04-28,2,59,6,3,1
2012-04-29 - 2012-05-05,2,60,6,3,1
2012-05-06 - 2012-05-12,2,54,5,3,1
2012-05-13 - 2012-05-19,2,58,5,3,1
2012-05-20 - 2012-05-26,2,60,5,3,1
2012-05-27 - 2012-06-02,3,66,5,3,1
2012-06-03 - 2012-06-09,2,63,5,3,1
2012-06-10 - 2012-06-16,3,64,5,3,1
2012-06-17 - 2012-06-23,3,60,6,3,2
2012-06-24 - 2012-06-30,3,57,5,3,1
2012-07-01 - 2012-07-07,3,59,5,3,1
2012-07-08 - 2012-07-14,4,58,5,3,1
2012-07-15 - 2012-07-21,5,55,4,3,1
2012-07-22 - 2012-07-28,5,59,4,3,1
2012-07-29 - 2012-08-04,5,58,4,3,1
2012-08-05 - 2012-08-11,6,59,4,3,1
2012-08-12 - 2012-08-18,6,56,4,3,1
2012-08-19 - 2012-08-25,7,54,4,3,1
2012-08-26 - 2012-09-01,7,52,4,3,1
2012-09-02 - 2012-09-08,7,51,4,3,1
2012-09-09 - 2012-09-15,8,51,4,3,1
2012-09-16 - 2012-09-22,8,49,3,3,1
2012-09-23 - 2012-09-29,9,49,3,3,1
2012-09-30 - 2012-10-06,10,51,3,3,1
2012-10-07 - 2012-10-13,10,100,3,3,1
2012-10-14 - 2012-10-20,12,50,3,3,1
2012-10-21 - 2012-10-27,13,47,3,3,1
2012-10-28 - 2012-11-03,13,50,4,3,1
2012-11-04 - 2012-11-10,14,54,4,3,1
2012-11-11 - 2012-11-17,15,42,3,3,1
2012-11-18 - 2012-11-24,16,40,3,3,1
2012-11-25 - 2012-12-01,18,38,3,3,1
2012-12-02 - 2012-12-08,20,37,3,2,1
2012-12-09 - 2012-12-15,21,37,3,2,1
2012-12-16 - 2012-12-22,24,37,2,2,1
2012-12-23 - 2012-12-29,32,44,3,2,1
2012-12-30 - 2013-01-05,53,35,3,2,1
2013-01-06 - 2013-01-12,47,25,3,2,1
2013-01-13 - 2013-01-19, , , , , 
2013-01-20 - 2013-01-26, , , , , 
2013-01-27 - 2013-02-02, , , , , 


Top subregions for 2013
Subregion,2013,2012,2011,2010,2009
Amazonas,100,84,61,67,55
Sergipe,95,100,100,51,31
Amapa,94,66,69,69,75
Alagoas,92,94,87,50,29
Roraima,92,75,59,74,85
Minas Gerais,90,83,76,89,88
Rio de Janeiro,85,70,67,80,75
Pernambuco,84,89,81,71,65
Paraiba,81,86,82,58,47
Sao Paulo,78,71,68,87,78
Espirito Santo,75,77,79,60,46
Bahia,75,79,78,95,98
Para,74,82,75,66,61
Tocantins,71,91,79,50,32
Maranhao,71,78,81,68,65
Santa Catarina,65,59,59,78,79
Rio Grande do Sul,64,60,58,83,85
Goias,64,72,66,77,74
Ceara,61,74,77,74,71
Parana,59,58,61,85,80
Acre,59,83,59,54,44
Piaui,55,66,74,67,65
Rio Grande do Norte,52,52,54,81,96
Mato Grosso,48,58,63,80,79
Federal District,48,57,55,100,100
Rondonia,45,52,60,79,78
Mato Grosso do Sul,44,53,68,69,62

Top subregions for 2012
Subregion,2013,2012,2011,2010,2009
Sergipe,95,100,100,51,31
Alagoas,92,94,87,50,29
Tocantins,71,91,79,50,32
Pernambuco,84,89,81,71,65
Paraiba,81,86,82,58,47
Amazonas,100,84,61,67,55
Acre,59,83,59,54,44
Minas Gerais,90,83,76,89,88
Para,74,82,75,66,61
Bahia,75,79,78,95,98
Maranhao,71,78,81,68,65
Espirito Santo,75,77,79,60,46
Roraima,92,75,59,74,85
Ceara,61,74,77,74,71
Goias,64,72,66,77,74
Sao Paulo,78,71,68,87,78
Rio de Janeiro,85,70,67,80,75
Amapa,94,66,69,69,75
Piaui,55,66,74,67,65
Rio Grande do Sul,64,60,58,83,85
Santa Catarina,65,59,59,78,79
Mato Grosso,48,58,63,80,79
Parana,59,58,61,85,80
Federal District,48,57,55,100,100
Mato Grosso do Sul,44,53,68,69,62
Rio Grande do Norte,52,52,54,81,96
Rondonia,45,52,60,79,78

Top subregions for 2011
Subregion,2013,2012,2011,2010,2009
Sergipe,95,100,100,51,31
Alagoas,92,94,87,50,29
Paraiba,81,86,82,58,47
Pernambuco,84,89,81,71,65
Maranhao,71,78,81,68,65
Espirito Santo,75,77,79,60,46
Tocantins,71,91,79,50,32
Bahia,75,79,78,95,98
Ceara,61,74,77,74,71
Minas Gerais,90,83,76,89,88
Para,74,82,75,66,61
Piaui,55,66,74,67,65
Amapa,94,66,69,69,75
Sao Paulo,78,71,68,87,78
Mato Grosso do Sul,44,53,68,69,62
Rio de Janeiro,85,70,67,80,75
Goias,64,72,66,77,74
Mato Grosso,48,58,63,80,79
Amazonas,100,84,61,67,55
Parana,59,58,61,85,80
Rondonia,45,52,60,79,78
Acre,59,83,59,54,44
Santa Catarina,65,59,59,78,79
Roraima,92,75,59,74,85
Rio Grande do Sul,64,60,58,83,85
Federal District,48,57,55,100,100
Rio Grande do Norte,52,52,54,81,96

Top subregions for 2010
Subregion,2013,2012,2011,2010,2009
Federal District,48,57,55,100,100
Bahia,75,79,78,95,98
Minas Gerais,90,83,76,89,88
Sao Paulo,78,71,68,87,78
Parana,59,58,61,85,80
Rio Grande do Sul,64,60,58,83,85
Rio Grande do Norte,52,52,54,81,96
Rio de Janeiro,85,70,67,80,75
Mato Grosso,48,58,63,80,79
Rondonia,45,52,60,79,78
Santa Catarina,65,59,59,78,79
Goias,64,72,66,77,74
Ceara,61,74,77,74,71
Roraima,92,75,59,74,85
Pernambuco,84,89,81,71,65
Amapa,94,66,69,69,75
Mato Grosso do Sul,44,53,68,69,62
Maranhao,71,78,81,68,65
Amazonas,100,84,61,67,55
Piaui,55,66,74,67,65
Para,74,82,75,66,61
Espirito Santo,75,77,79,60,46
Paraiba,81,86,82,58,47
Acre,59,83,59,54,44
Sergipe,95,100,100,51,31
Alagoas,92,94,87,50,29
Tocantins,71,91,79,50,32

Top subregions for 2009
Subregion,2013,2012,2011,2010,2009
Federal District,48,57,55,100,100
Bahia,75,79,78,95,98
Rio Grande do Norte,52,52,54,81,96
Minas Gerais,90,83,76,89,88
Roraima,92,75,59,74,85
Rio Grande do Sul,64,60,58,83,85
Parana,59,58,61,85,80
Santa Catarina,65,59,59,78,79
Mato Grosso,48,58,63,80,79
Sao Paulo,78,71,68,87,78
Rondonia,45,52,60,79,78
Amapa,94,66,69,69,75
Rio de Janeiro,85,70,67,80,75
Goias,64,72,66,77,74
Ceara,61,74,77,74,71
Piaui,55,66,74,67,65
Maranhao,71,78,81,68,65
Pernambuco,84,89,81,71,65
Mato Grosso do Sul,44,53,68,69,62
Para,74,82,75,66,61
Amazonas,100,84,61,67,55
Paraiba,81,86,82,58,47
Espirito Santo,75,77,79,60,46
Acre,59,83,59,54,44
Tocantins,71,91,79,50,32
Sergipe,95,100,100,51,31
Alagoas,92,94,87,50,29


Top cities for 2013
City,2013
Manaus,100
Belo Horizonte,99
Rio de Janeiro,99
Recife,89
Campinas,78
Belem,78
Ribeirao Preto,76
Salvador,75
Maringa,74
Joao Pessoa,73
Vitoria,72
Sao Paulo,70
Sao Jose dos Campos,68
Santos,66
Goiania,62

Top cities for 2012
City,2012
Belo Horizonte,100
Recife,98
Belem,96
Manaus,94
Ribeirao Preto,93
Rio de Janeiro,89
Salvador,88
Maringa,87
Campinas,82
Joao Pessoa,82
Vitoria,82
Sao Luis,82
Fortaleza,81
Goiania,75
Sao Paulo,70

Top cities for 2011
City,2011
Teresina,100
Recife,98
Maceio,97
Osasco,97
Salvador,97
Belo Horizonte,94
Ribeirao Preto,94
Maringa,94
Sao Luis,93
Belem,91
Fortaleza,90
Rio de Janeiro,89
Vitoria,88
Campinas,84
Santos,78

Top cities for 2010
City,2010
Sao Paulo,100
Brasilia,91
Salvador,86
Belo Horizonte,82
Curitiba,81
Florianopolis,77
Rio de Janeiro,73
Natal,72
Goiania,72
Porto Alegre,70
Cuiaba,69
Fortaleza,68
Recife,65
Campinas,58

Top cities for 2009
City,2009
Sao Paulo,100
Brasilia,95
Florianopolis,93
Salvador,93
Natal,87
Belo Horizonte,81
Porto Alegre,80
Curitiba,78
Goiania,73
Cuiaba,71
Rio de Janeiro,71
Fortaleza,71
Recife,61
Campinas,49



Top searches for 2013
pes 2013,100
carnaval 2013,90
verão 2013,85
calendario 2013,70
enem,65
enem 2013,65
reveillon 2013,65
concursos 2013,55
ipva,40
moda 2013,40
ipva 2013,40
rock in rio,35
honda,35
ecosport 2013,35
ecosport,35
calendário 2013,30
enem 2012,30
fifa 2013,30
ford,30
feriados 2013,25
fiat,25
fuvest,20
fuvest 2013,20
palio 2013,20
chevrolet,15
calendario 2012,15
feliz 2013,15
data carnaval 2013,15
moda verão 2013,15
voyage 2013,15
calendario de 2013,15
siena 2013,15
prouni 2013,15
prouni,15
salario minimo 2013,15
ranger 2013,10
punto 2013,10
golf 2013,10
pep 2013,10
fiesta 2013,10
ipva 2013 sp,10
fusion 2013,10
unesp 2013,10
cvc,10
novo ecosport 2013,10
corolla 2013,10
coleção verão 2013,10
falcon 2013,10
office 2013,10


Top searches for 2012
enem 2012,100
enem,100
facebook,90
concursos,80
concursos 2012,80
jogos,75
musicas,70
carnaval 2012,50
eleições 2012,50
calendario 2012,50
globo,45
filmes 2012,45
pes 2012,45
caixa,35
2012 filme,35
brasileirão 2012,30
inss,20
olimpiadas 2012,20
imposto de renda,20
4shared,20
ipva,20
ipva 2012,20
bbb 2012,20
feriados 2012,20
libertadores 2012,20
detran,20
funk 2012,20
msn 2012,20
baixaki,20
campeonato brasileiro,15
brasfoot 2012,15
calendário 2012,15
campeonato brasileiro 2012,15
resultado enem 2012,15
corinthians,15
pci,15
concurso caixa 2012,15
palco mp3,15
tre,15
palio 2012,15
concurso publico 2012,15
salario minimo 2012,15
prouni,15
salario minimo,15
prouni 2012,10
flamengo,10
fiat,10
tabela brasileirão 2012,10
receita federal,10
eleição 2012,10


Top searches for 2011
enem 2011,100
enem,100
concursos 2011,85
concursos,80
musicas,65
musicas 2011,65
msn,50
filmes 2011,50
msn 2011,50
brasileirão 2011,45
carnaval 2011,40
pes 2011,35
globo,35
calendario 2011,35
inss,30
4shared,30
campeonato brasileiro,25
campeonato brasileiro 2011,25
correios,25
rock in rio,25
imposto de renda,25
baixaki,25
brasfoot,20
rebelde,20
brasfoot 2011,20
rebelde 2011,20
pci,20
ipva 2011,20
detran,15
tabela brasileirão 2011,15
concurso inss 2011,15
concurso inss,15
pci concursos 2011,15
caixa,15
pci concursos,15
concursos abertos,15
prouni,15
concursos abertos 2011,15
prouni 2011,15
concurso correios 2011,15
bbb 2011,15
resultado enem 2011,15
funk 2011,15
flamengo,15
filmes online,10
messenger 2011,10
concursos publicos 2011,10
concursos publicos,10
gabarito enem 2011,10
globo esporte,10


Top searches for 2010
enem,100
copa 2010,95
enem 2010,95
office 2010,90
concursos,70
concursos 2010,70
copa do mundo,45
pes 2010,40
vestibular 2010,35
filmes 2010,35
msn 2010,35
calendario 2010,30
carnaval 2010,30
microsoft,30
baixaki,25
download office 2010,25
brasileirão 2010,25
eleições 2010,25
brasfoot 2010,20
ibge,20
ibge 2010,20
microsoft office 2010,20
tabela copa 2010,20
fifa 2010,20
ipva 2010,20
ipva,20
pci,20
prouni 2010,20
prouni,20
bbb 2010,15
inss,15
concursos abertos 2010,15
pci concursos,15
resultado enem 2010,15
candidatos 2010,15
concursos abertos,15
pci concursos 2010,15
correios,15
campeonato brasileiro 2010,15
serial office 2010,15
enem 2011,15
gabarito enem 2010,10
caixa economica federal,10
censo 2010,10
salario minimo 2010,10
calendário 2010,10
libertadores 2010,10
concurso publico 2010,10
prova enem 2010,10
registro brasfoot 2010,10


Top searches for 2009
concurso 2009,100
msn 2009,65
msn,65
enem 2009,60
enem,60
concursos 2009,50
concursos,50
vestibular 2009,25
messenger,20
messenger 2009,20
pes 2009,20
brasileirão 2009,20
carnaval 2009,20
brasfoot 2009,20
brasfoot,20
calendario,15
calendario 2009,15
imposto de renda,15
filmes 2009,15
baixar msn 2009,15
baixar msn,15
msn 2009 download,15
honda,10
windows live 2009,10
campeonato brasileiro 2009,10
campeonato brasileiro,10
ipva 2009,10
ipva,10
concurso publico 2009,10
msn plus 2009,10
pci,10
baixaki msn 2009,10
correios,10
prouni,10
prouni 2009,10
tabela brasileirão 2009,10
pci concursos,5
registro brasfoot 2009,5
prova enem 2009,5
twister 2009,5
pci concursos 2009,5
ibge,5
calendário 2009,5
inss,5
bbb 2009,5
concursos abertos 2009,5
salario minimo 2009,5
concursos abertos,5
concurso correios 2009,5
resultado enem 2009,5



Rising searches for 2013
calendario 2013,Breakout
carnaval 2013,Breakout
concursos 2013,Breakout
enem,Breakout
enem 2013,Breakout
ipva,Breakout
ipva 2013,Breakout
moda 2013,Breakout
pes 2013,Breakout
reveillon 2013,Breakout


Rising searches for 2012
caixa,Breakout
calendario 2012,Breakout
carnaval 2012,Breakout
concursos,Breakout
concursos 2012,Breakout
eleições 2012,Breakout
enem,Breakout
enem 2012,Breakout
facebook,Breakout
filmes 2012,Breakout


Rising searches for 2011
brasileirão 2011,Breakout
carnaval 2011,Breakout
concursos,Breakout
concursos 2011,Breakout
enem,Breakout
enem 2011,Breakout
filmes 2011,Breakout
msn,Breakout
msn 2011,Breakout
musicas,Breakout


Rising searches for 2010
calendario 2010,Breakout
concursos,Breakout
concursos 2010,Breakout
copa 2010,Breakout
copa do mundo,Breakout
enem,Breakout
enem 2010,Breakout
filmes 2010,Breakout
msn 2010,Breakout
office 2010,Breakout


Rising searches for 2009
brasileirão 2009,Breakout
carnaval 2009,Breakout
concurso 2009,Breakout
concursos,Breakout
concursos 2009,Breakout
enem,Breakout
enem 2009,Breakout
messenger,Breakout
messenger 2009,Breakout
msn,Breakout



