Web Search Interest: 2013; 2012; 2011; 2010; 2009
Colombia; 2004 - present

Interest over time
Week,2013,2012,2011,2010,2009
2004-01-04 - 2004-01-10,0,0,0,0,0
2004-01-11 - 2004-01-17,0,0,0,0,0
2004-01-18 - 2004-01-24,0,0,0,0,0
2004-01-25 - 2004-01-31,0,0,0,0,0
2004-02-01 - 2004-02-07,0,0,0,0,0
2004-02-08 - 2004-02-14,0,0,0,0,0
2004-02-15 - 2004-02-21,0,0,0,0,0
2004-02-22 - 2004-02-28,0,0,0,0,0
2004-02-29 - 2004-03-06,0,0,0,0,0
2004-03-07 - 2004-03-13,0,0,0,0,0
2004-03-14 - 2004-03-20,0,0,0,0,0
2004-03-21 - 2004-03-27,0,0,0,0,0
2004-03-28 - 2004-04-03,0,0,0,0,0
2004-04-04 - 2004-04-10,0,0,0,0,0
2004-04-11 - 2004-04-17,0,0,0,0,0
2004-04-18 - 2004-04-24,0,0,0,0,0
2004-04-25 - 2004-05-01,0,0,0,0,0
2004-05-02 - 2004-05-08,0,0,0,0,0
2004-05-09 - 2004-05-15,0,0,0,0,0
2004-05-16 - 2004-05-22,0,0,0,0,0
2004-05-23 - 2004-05-29,0,0,0,0,0
2004-05-30 - 2004-06-05,0,0,0,0,0
2004-06-06 - 2004-06-12,0,0,0,0,0
2004-06-13 - 2004-06-19,0,0,0,0,0
2004-06-20 - 2004-06-26,0,0,0,0,0
2004-06-27 - 2004-07-03,0,0,0,0,0
2004-07-04 - 2004-07-10,0,0,0,0,0
2004-07-11 - 2004-07-17,0,0,0,0,0
2004-07-18 - 2004-07-24,0,0,0,0,0
2004-07-25 - 2004-07-31,0,0,0,0,0
2004-08-01 - 2004-08-07,0,0,0,0,0
2004-08-08 - 2004-08-14,0,0,0,0,0
2004-08-15 - 2004-08-21,0,0,0,0,0
2004-08-22 - 2004-08-28,0,0,0,0,0
2004-08-29 - 2004-09-04,0,0,0,0,0
2004-09-05 - 2004-09-11,0,0,0,0,0
2004-09-12 - 2004-09-18,0,0,0,0,0
2004-09-19 - 2004-09-25,0,0,0,0,0
2004-09-26 - 2004-10-02,0,0,0,0,0
2004-10-03 - 2004-10-09,0,0,0,0,0
2004-10-10 - 2004-10-16,0,0,0,0,0
2004-10-17 - 2004-10-23,0,0,0,0,0
2004-10-24 - 2004-10-30,0,0,0,0,0
2004-10-31 - 2004-11-06,0,0,0,0,0
2004-11-07 - 2004-11-13,0,0,0,0,0
2004-11-14 - 2004-11-20,0,0,0,0,0
2004-11-21 - 2004-11-27,0,0,0,0,0
2004-11-28 - 2004-12-04,0,0,0,0,0
2004-12-05 - 2004-12-11,0,0,0,0,0
2004-12-12 - 2004-12-18,0,0,0,0,0
2004-12-19 - 2004-12-25,0,0,0,0,0
2004-12-26 - 2005-01-01,0,0,0,0,0
2005-01-02 - 2005-01-08,0,0,0,0,0
2005-01-09 - 2005-01-15,0,0,0,0,0
2005-01-16 - 2005-01-22,0,0,0,0,0
2005-01-23 - 2005-01-29,0,0,0,0,0
2005-01-30 - 2005-02-05,0,0,0,0,0
2005-02-06 - 2005-02-12,0,0,0,0,0
2005-02-13 - 2005-02-19,0,0,0,0,0
2005-02-20 - 2005-02-26,0,0,0,0,0
2005-02-27 - 2005-03-05,0,0,0,0,0
2005-03-06 - 2005-03-12,0,0,0,0,0
2005-03-13 - 2005-03-19,0,0,0,0,0
2005-03-20 - 2005-03-26,0,0,0,0,0
2005-03-27 - 2005-04-02,0,0,0,0,0
2005-04-03 - 2005-04-09,0,0,0,0,0
2005-04-10 - 2005-04-16,0,0,0,0,0
2005-04-17 - 2005-04-23,0,0,0,0,0
2005-04-24 - 2005-04-30,0,0,0,0,0
2005-05-01 - 2005-05-07,0,0,0,0,0
2005-05-08 - 2005-05-14,0,0,0,0,0
2005-05-15 - 2005-05-21,0,0,0,0,0
2005-05-22 - 2005-05-28,0,0,0,0,0
2005-05-29 - 2005-06-04,0,0,0,0,0
2005-06-05 - 2005-06-11,0,0,0,0,0
2005-06-12 - 2005-06-18,0,0,0,0,0
2005-06-19 - 2005-06-25,0,0,0,0,0
2005-06-26 - 2005-07-02,0,0,0,0,0
2005-07-03 - 2005-07-09,0,1,0,0,0
2005-07-10 - 2005-07-16,0,0,0,0,0
2005-07-17 - 2005-07-23,0,0,0,0,0
2005-07-24 - 2005-07-30,0,0,0,0,0
2005-07-31 - 2005-08-06,0,0,0,0,0
2005-08-07 - 2005-08-13,0,0,0,0,0
2005-08-14 - 2005-08-20,0,0,0,0,0
2005-08-21 - 2005-08-27,0,0,0,0,0
2005-08-28 - 2005-09-03,0,0,0,0,0
2005-09-04 - 2005-09-10,0,0,0,0,0
2005-09-11 - 2005-09-17,0,0,0,0,0
2005-09-18 - 2005-09-24,0,0,0,0,0
2005-09-25 - 2005-10-01,0,0,0,0,0
2005-10-02 - 2005-10-08,0,0,0,0,0
2005-10-09 - 2005-10-15,0,0,0,0,0
2005-10-16 - 2005-10-22,0,0,0,0,0
2005-10-23 - 2005-10-29,0,0,0,0,0
2005-10-30 - 2005-11-05,0,0,0,0,0
2005-11-06 - 2005-11-12,0,0,0,0,0
2005-11-13 - 2005-11-19,0,0,0,0,0
2005-11-20 - 2005-11-26,0,0,0,0,0
2005-11-27 - 2005-12-03,0,0,0,0,0
2005-12-04 - 2005-12-10,0,0,0,0,0
2005-12-11 - 2005-12-17,0,0,0,0,0
2005-12-18 - 2005-12-24,0,0,0,0,0
2005-12-25 - 2005-12-31,0,0,0,0,0
2006-01-01 - 2006-01-07,0,0,0,0,0
2006-01-08 - 2006-01-14,0,0,0,0,0
2006-01-15 - 2006-01-21,0,0,0,0,0
2006-01-22 - 2006-01-28,0,0,0,0,0
2006-01-29 - 2006-02-04,0,0,0,0,0
2006-02-05 - 2006-02-11,0,0,0,0,0
2006-02-12 - 2006-02-18,0,0,0,0,0
2006-02-19 - 2006-02-25,0,0,0,0,0
2006-02-26 - 2006-03-04,0,0,0,0,0
2006-03-05 - 2006-03-11,0,0,0,0,0
2006-03-12 - 2006-03-18,0,0,0,0,0
2006-03-19 - 2006-03-25,0,0,0,0,0
2006-03-26 - 2006-04-01,0,0,0,0,0
2006-04-02 - 2006-04-08,0,0,0,0,0
2006-04-09 - 2006-04-15,0,0,0,0,0
2006-04-16 - 2006-04-22,0,0,0,0,0
2006-04-23 - 2006-04-29,0,0,0,0,0
2006-04-30 - 2006-05-06,0,0,0,0,0
2006-05-07 - 2006-05-13,0,0,0,0,0
2006-05-14 - 2006-05-20,0,0,0,0,0
2006-05-21 - 2006-05-27,0,0,0,0,0
2006-05-28 - 2006-06-03,0,0,0,0,0
2006-06-04 - 2006-06-10,0,0,0,0,0
2006-06-11 - 2006-06-17,0,0,0,0,0
2006-06-18 - 2006-06-24,0,0,0,0,0
2006-06-25 - 2006-07-01,0,0,0,0,0
2006-07-02 - 2006-07-08,0,0,0,0,0
2006-07-09 - 2006-07-15,0,0,0,0,0
2006-07-16 - 2006-07-22,0,0,0,0,0
2006-07-23 - 2006-07-29,0,0,0,0,0
2006-07-30 - 2006-08-05,0,0,0,0,0
2006-08-06 - 2006-08-12,0,0,0,0,0
2006-08-13 - 2006-08-19,0,0,0,0,0
2006-08-20 - 2006-08-26,0,0,0,0,0
2006-08-27 - 2006-09-02,0,0,0,0,0
2006-09-03 - 2006-09-09,0,0,0,0,0
2006-09-10 - 2006-09-16,0,0,0,0,0
2006-09-17 - 2006-09-23,0,0,0,0,0
2006-09-24 - 2006-09-30,0,0,0,0,0
2006-10-01 - 2006-10-07,0,0,0,0,0
2006-10-08 - 2006-10-14,0,0,0,0,0
2006-10-15 - 2006-10-21,0,0,0,0,0
2006-10-22 - 2006-10-28,0,0,0,0,0
2006-10-29 - 2006-11-04,0,0,0,0,0
2006-11-05 - 2006-11-11,0,0,0,0,0
2006-11-12 - 2006-11-18,0,0,0,0,0
2006-11-19 - 2006-11-25,0,0,0,0,0
2006-11-26 - 2006-12-02,0,0,0,0,0
2006-12-03 - 2006-12-09,0,0,0,0,0
2006-12-10 - 2006-12-16,0,0,0,0,0
2006-12-17 - 2006-12-23,0,0,0,0,0
2006-12-24 - 2006-12-30,0,0,0,0,0
2006-12-31 - 2007-01-06,0,0,0,0,0
2007-01-07 - 2007-01-13,0,0,0,0,0
2007-01-14 - 2007-01-20,0,0,0,0,0
2007-01-21 - 2007-01-27,0,0,0,0,0
2007-01-28 - 2007-02-03,0,0,0,0,0
2007-02-04 - 2007-02-10,0,0,0,0,0
2007-02-11 - 2007-02-17,0,0,0,0,0
2007-02-18 - 2007-02-24,0,0,0,0,0
2007-02-25 - 2007-03-03,0,0,0,0,0
2007-03-04 - 2007-03-10,0,0,0,0,0
2007-03-11 - 2007-03-17,0,0,0,0,0
2007-03-18 - 2007-03-24,0,0,0,0,0
2007-03-25 - 2007-03-31,0,0,0,0,0
2007-04-01 - 2007-04-07,0,0,0,0,0
2007-04-08 - 2007-04-14,0,0,0,0,0
2007-04-15 - 2007-04-21,0,0,0,0,0
2007-04-22 - 2007-04-28,0,0,0,0,0
2007-04-29 - 2007-05-05,0,0,0,0,0
2007-05-06 - 2007-05-12,0,0,0,0,0
2007-05-13 - 2007-05-19,0,0,0,0,0
2007-05-20 - 2007-05-26,0,0,0,0,0
2007-05-27 - 2007-06-02,0,0,0,0,0
2007-06-03 - 2007-06-09,0,0,0,0,0
2007-06-10 - 2007-06-16,0,0,0,0,0
2007-06-17 - 2007-06-23,0,0,0,0,0
2007-06-24 - 2007-06-30,0,0,0,0,0
2007-07-01 - 2007-07-07,0,0,0,0,0
2007-07-08 - 2007-07-14,0,0,0,0,0
2007-07-15 - 2007-07-21,0,0,0,0,0
2007-07-22 - 2007-07-28,0,0,0,0,0
2007-07-29 - 2007-08-04,0,0,0,0,0
2007-08-05 - 2007-08-11,0,0,0,0,0
2007-08-12 - 2007-08-18,0,0,0,0,0
2007-08-19 - 2007-08-25,0,0,0,0,0
2007-08-26 - 2007-09-01,0,0,0,0,0
2007-09-02 - 2007-09-08,0,0,0,0,0
2007-09-09 - 2007-09-15,0,0,0,0,0
2007-09-16 - 2007-09-22,0,0,0,0,0
2007-09-23 - 2007-09-29,0,0,0,0,0
2007-09-30 - 2007-10-06,0,0,0,0,0
2007-10-07 - 2007-10-13,0,0,0,1,0
2007-10-14 - 2007-10-20,0,0,0,3,0
2007-10-21 - 2007-10-27,0,0,0,0,0
2007-10-28 - 2007-11-03,0,0,0,0,0
2007-11-04 - 2007-11-10,0,0,0,0,0
2007-11-11 - 2007-11-17,0,0,0,1,0
2007-11-18 - 2007-11-24,0,0,0,2,0
2007-11-25 - 2007-12-01,0,0,0,0,0
2007-12-02 - 2007-12-08,0,0,0,0,0
2007-12-09 - 2007-12-15,0,0,0,0,0
2007-12-16 - 2007-12-22,0,0,0,0,0
2007-12-23 - 2007-12-29,0,0,0,0,0
2007-12-30 - 2008-01-05,0,0,0,0,0
2008-01-06 - 2008-01-12,0,0,0,0,0
2008-01-13 - 2008-01-19,0,0,0,0,0
2008-01-20 - 2008-01-26,0,0,0,0,0
2008-01-27 - 2008-02-02,0,0,0,0,0
2008-02-03 - 2008-02-09,0,0,0,0,0
2008-02-10 - 2008-02-16,0,0,0,0,0
2008-02-17 - 2008-02-23,0,0,0,0,0
2008-02-24 - 2008-03-01,0,0,0,0,0
2008-03-02 - 2008-03-08,0,0,0,0,0
2008-03-09 - 2008-03-15,0,0,0,0,0
2008-03-16 - 2008-03-22,0,0,0,0,0
2008-03-23 - 2008-03-29,0,0,0,0,0
2008-03-30 - 2008-04-05,0,0,0,0,0
2008-04-06 - 2008-04-12,0,0,0,0,0
2008-04-13 - 2008-04-19,0,0,0,0,0
2008-04-20 - 2008-04-26,0,0,0,0,0
2008-04-27 - 2008-05-03,0,0,0,0,1
2008-05-04 - 2008-05-10,0,0,0,0,1
2008-05-11 - 2008-05-17,0,0,0,0,1
2008-05-18 - 2008-05-24,0,0,0,0,1
2008-05-25 - 2008-05-31,0,0,0,0,1
2008-06-01 - 2008-06-07,0,0,0,0,1
2008-06-08 - 2008-06-14,0,0,0,1,1
2008-06-15 - 2008-06-21,0,0,0,2,1
2008-06-22 - 2008-06-28,0,0,0,0,1
2008-06-29 - 2008-07-05,0,0,0,0,1
2008-07-06 - 2008-07-12,0,0,0,0,1
2008-07-13 - 2008-07-19,0,0,0,0,2
2008-07-20 - 2008-07-26,0,0,0,0,2
2008-07-27 - 2008-08-02,0,0,0,0,2
2008-08-03 - 2008-08-09,0,0,0,0,2
2008-08-10 - 2008-08-16,0,0,0,0,2
2008-08-17 - 2008-08-23,0,0,0,0,2
2008-08-24 - 2008-08-30,0,0,0,0,2
2008-08-31 - 2008-09-06,0,0,0,1,2
2008-09-07 - 2008-09-13,0,0,0,1,3
2008-09-14 - 2008-09-20,0,0,0,0,3
2008-09-21 - 2008-09-27,0,0,0,0,3
2008-09-28 - 2008-10-04,0,0,0,0,3
2008-10-05 - 2008-10-11,0,0,0,0,4
2008-10-12 - 2008-10-18,0,0,0,1,5
2008-10-19 - 2008-10-25,0,0,0,0,5
2008-10-26 - 2008-11-01,0,0,0,0,5
2008-11-02 - 2008-11-08,0,0,0,0,6
2008-11-09 - 2008-11-15,0,0,0,0,6
2008-11-16 - 2008-11-22,0,0,0,0,7
2008-11-23 - 2008-11-29,0,0,0,0,8
2008-11-30 - 2008-12-06,0,0,0,0,9
2008-12-07 - 2008-12-13,0,0,0,0,10
2008-12-14 - 2008-12-20,0,0,0,0,11
2008-12-21 - 2008-12-27,0,0,0,0,16
2008-12-28 - 2009-01-03,0,0,0,0,35
2009-01-04 - 2009-01-10,0,0,0,0,42
2009-01-11 - 2009-01-17,0,0,0,0,40
2009-01-18 - 2009-01-24,0,0,0,0,36
2009-01-25 - 2009-01-31,0,0,0,0,33
2009-02-01 - 2009-02-07,0,0,0,0,32
2009-02-08 - 2009-02-14,0,0,0,0,27
2009-02-15 - 2009-02-21,0,0,0,0,26
2009-02-22 - 2009-02-28,0,0,0,0,28
2009-03-01 - 2009-03-07,0,0,0,0,28
2009-03-08 - 2009-03-14,0,1,0,0,28
2009-03-15 - 2009-03-21,0,0,0,1,26
2009-03-22 - 2009-03-28,0,0,0,1,26
2009-03-29 - 2009-04-04,0,0,0,3,30
2009-04-05 - 2009-04-11,0,0,0,1,31
2009-04-12 - 2009-04-18,0,0,0,1,32
2009-04-19 - 2009-04-25,0,0,0,1,31
2009-04-26 - 2009-05-02,0,1,0,1,32
2009-05-03 - 2009-05-09,0,0,0,1,34
2009-05-10 - 2009-05-16,0,0,0,1,35
2009-05-17 - 2009-05-23,0,0,0,1,34
2009-05-24 - 2009-05-30,0,0,0,1,38
2009-05-31 - 2009-06-06,0,0,0,2,37
2009-06-07 - 2009-06-13,0,0,0,3,37
2009-06-14 - 2009-06-20,0,0,0,1,38
2009-06-21 - 2009-06-27,0,1,0,2,40
2009-06-28 - 2009-07-04,0,1,0,2,41
2009-07-05 - 2009-07-11,0,0,0,2,36
2009-07-12 - 2009-07-18,0,0,0,2,37
2009-07-19 - 2009-07-25,0,0,0,2,38
2009-07-26 - 2009-08-01,0,0,0,2,40
2009-08-02 - 2009-08-08,0,0,0,2,45
2009-08-09 - 2009-08-15,0,0,0,3,39
2009-08-16 - 2009-08-22,0,0,0,3,40
2009-08-23 - 2009-08-29,0,0,0,3,39
2009-08-30 - 2009-09-05,0,0,0,4,36
2009-09-06 - 2009-09-12,0,0,0,6,36
2009-09-13 - 2009-09-19,0,0,0,4,42
2009-09-20 - 2009-09-26,0,1,0,4,38
2009-09-27 - 2009-10-03,0,1,0,5,38
2009-10-04 - 2009-10-10,0,0,0,6,41
2009-10-11 - 2009-10-17,0,1,0,8,44
2009-10-18 - 2009-10-24,0,1,0,6,42
2009-10-25 - 2009-10-31,0,1,0,7,39
2009-11-01 - 2009-11-07,0,2,0,8,44
2009-11-08 - 2009-11-14,0,5,0,8,43
2009-11-15 - 2009-11-21,0,6,0,10,50
2009-11-22 - 2009-11-28,0,4,0,10,44
2009-11-29 - 2009-12-05,0,3,0,13,43
2009-12-06 - 2009-12-12,0,2,0,14,44
2009-12-13 - 2009-12-19,0,2,0,16,41
2009-12-20 - 2009-12-26,0,2,0,19,42
2009-12-27 - 2010-01-02,0,3,0,36,45
2010-01-03 - 2010-01-09,0,2,0,59,35
2010-01-10 - 2010-01-16,0,2,0,52,30
2010-01-17 - 2010-01-23,0,2,0,48,26
2010-01-24 - 2010-01-30,0,1,0,49,24
2010-01-31 - 2010-02-06,0,1,0,49,22
2010-02-07 - 2010-02-13,0,1,0,47,20
2010-02-14 - 2010-02-20,0,1,0,47,20
2010-02-21 - 2010-02-27,0,1,0,50,19
2010-02-28 - 2010-03-06,0,1,0,55,16
2010-03-07 - 2010-03-13,0,1,1,59,16
2010-03-14 - 2010-03-20,0,1,1,76,13
2010-03-21 - 2010-03-27,0,1,1,66,14
2010-03-28 - 2010-04-03,0,1,1,61,14
2010-04-04 - 2010-04-10,0,1,1,54,14
2010-04-11 - 2010-04-17,0,1,1,54,13
2010-04-18 - 2010-04-24,0,1,1,50,12
2010-04-25 - 2010-05-01,0,1,1,52,11
2010-05-02 - 2010-05-08,0,1,1,54,11
2010-05-09 - 2010-05-15,0,1,1,55,10
2010-05-16 - 2010-05-22,0,0,1,59,10
2010-05-23 - 2010-05-29,0,0,1,60,9
2010-05-30 - 2010-06-05,0,0,2,65,8
2010-06-06 - 2010-06-12,0,0,2,80,7
2010-06-13 - 2010-06-19,0,0,2,88,7
2010-06-20 - 2010-06-26,0,0,2,87,7
2010-06-27 - 2010-07-03,0,0,2,83,7
2010-07-04 - 2010-07-10,0,0,2,68,7
2010-07-11 - 2010-07-17,0,0,3,62,7
2010-07-18 - 2010-07-24,0,0,3,57,6
2010-07-25 - 2010-07-31,0,0,3,58,7
2010-08-01 - 2010-08-07,0,0,3,60,7
2010-08-08 - 2010-08-14,0,0,3,56,6
2010-08-15 - 2010-08-21,0,0,3,55,6
2010-08-22 - 2010-08-28,0,0,4,56,6
2010-08-29 - 2010-09-04,0,0,4,49,5
2010-09-05 - 2010-09-11,0,1,4,52,5
2010-09-12 - 2010-09-18,0,0,4,47,5
2010-09-19 - 2010-09-25,0,0,5,41,4
2010-09-26 - 2010-10-02,0,0,6,44,4
2010-10-03 - 2010-10-09,0,0,6,45,5
2010-10-10 - 2010-10-16,0,0,6,50,5
2010-10-17 - 2010-10-23,0,0,8,49,5
2010-10-24 - 2010-10-30,0,0,9,45,4
2010-10-31 - 2010-11-06,0,0,9,48,4
2010-11-07 - 2010-11-13,0,0,11,47,4
2010-11-14 - 2010-11-20,0,0,12,53,4
2010-11-21 - 2010-11-27,0,0,11,43,4
2010-11-28 - 2010-12-04,0,0,13,45,4
2010-12-05 - 2010-12-11,0,1,14,46,4
2010-12-12 - 2010-12-18,0,0,16,46,3
2010-12-19 - 2010-12-25,0,1,18,48,3
2010-12-26 - 2011-01-01,0,1,35,43,3
2011-01-02 - 2011-01-08,0,1,51,31,3
2011-01-09 - 2011-01-15,0,1,49,28,3
2011-01-16 - 2011-01-22,0,1,47,25,3
2011-01-23 - 2011-01-29,0,1,45,22,3
2011-01-30 - 2011-02-05,0,1,46,19,3
2011-02-06 - 2011-02-12,0,1,45,18,3
2011-02-13 - 2011-02-19,0,1,47,17,3
2011-02-20 - 2011-02-26,0,1,46,16,3
2011-02-27 - 2011-03-05,0,1,50,14,2
2011-03-06 - 2011-03-12,0,1,51,13,2
2011-03-13 - 2011-03-19,0,1,53,12,2
2011-03-20 - 2011-03-26,0,1,51,12,2
2011-03-27 - 2011-04-02,0,1,53,12,2
2011-04-03 - 2011-04-09,0,1,53,11,2
2011-04-10 - 2011-04-16,0,1,54,11,2
2011-04-17 - 2011-04-23,0,1,60,9,2
2011-04-24 - 2011-04-30,0,1,56,9,2
2011-05-01 - 2011-05-07,0,1,54,9,2
2011-05-08 - 2011-05-14,0,2,56,8,2
2011-05-15 - 2011-05-21,0,2,55,8,2
2011-05-22 - 2011-05-28,0,2,57,8,2
2011-05-29 - 2011-06-04,0,2,59,8,2
2011-06-05 - 2011-06-11,0,2,59,7,2
2011-06-12 - 2011-06-18,0,2,60,7,2
2011-06-19 - 2011-06-25,0,2,61,7,2
2011-06-26 - 2011-07-02,0,3,71,7,2
2011-07-03 - 2011-07-09,0,3,73,7,2
2011-07-10 - 2011-07-16,0,3,69,7,2
2011-07-17 - 2011-07-23,0,3,64,7,2
2011-07-24 - 2011-07-30,0,3,66,7,2
2011-07-31 - 2011-08-06,0,3,65,7,2
2011-08-07 - 2011-08-13,0,3,61,8,2
2011-08-14 - 2011-08-20,0,4,61,8,2
2011-08-21 - 2011-08-27,0,4,57,8,2
2011-08-28 - 2011-09-03,0,4,58,7,2
2011-09-04 - 2011-09-10,0,4,60,7,2
2011-09-11 - 2011-09-17,0,4,65,7,2
2011-09-18 - 2011-09-24,0,5,52,7,2
2011-09-25 - 2011-10-01,0,6,56,7,2
2011-10-02 - 2011-10-08,0,6,55,7,2
2011-10-09 - 2011-10-15,0,7,59,7,3
2011-10-16 - 2011-10-22,0,7,55,7,2
2011-10-23 - 2011-10-29,0,7,55,7,2
2011-10-30 - 2011-11-05,0,9,78,7,2
2011-11-06 - 2011-11-12,0,9,53,6,2
2011-11-13 - 2011-11-19,0,9,51,7,2
2011-11-20 - 2011-11-26,0,10,45,6,2
2011-11-27 - 2011-12-03,0,11,45,6,2
2011-12-04 - 2011-12-10,0,12,47,6,2
2011-12-11 - 2011-12-17,0,14,46,6,2
2011-12-18 - 2011-12-24,0,17,49,5,2
2011-12-25 - 2011-12-31,0,30,46,5,2
2012-01-01 - 2012-01-07,0,57,36,5,2
2012-01-08 - 2012-01-14,0,52,31,6,2
2012-01-15 - 2012-01-21,0,56,27,6,2
2012-01-22 - 2012-01-28,0,50,24,6,2
2012-01-29 - 2012-02-04,0,51,22,6,2
2012-02-05 - 2012-02-11,0,49,18,6,2
2012-02-12 - 2012-02-18,0,52,17,6,2
2012-02-19 - 2012-02-25,0,50,17,6,2
2012-02-26 - 2012-03-03,0,50,14,6,2
2012-03-04 - 2012-03-10,0,52,13,6,2
2012-03-11 - 2012-03-17,1,54,12,5,2
2012-03-18 - 2012-03-24,1,53,11,5,2
2012-03-25 - 2012-03-31,1,57,11,5,2
2012-04-01 - 2012-04-07,1,60,10,5,2
2012-04-08 - 2012-04-14,1,63,10,6,2
2012-04-15 - 2012-04-21,1,67,9,5,2
2012-04-22 - 2012-04-28,1,64,9,5,2
2012-04-29 - 2012-05-05,1,62,8,5,2
2012-05-06 - 2012-05-12,1,59,8,5,2
2012-05-13 - 2012-05-19,1,60,9,5,2
2012-05-20 - 2012-05-26,2,61,8,5,2
2012-05-27 - 2012-06-02,2,57,8,5,2
2012-06-03 - 2012-06-09,2,64,7,5,2
2012-06-10 - 2012-06-16,2,67,7,5,2
2012-06-17 - 2012-06-23,2,67,7,5,2
2012-06-24 - 2012-06-30,2,70,7,5,2
2012-07-01 - 2012-07-07,2,69,7,4,2
2012-07-08 - 2012-07-14,3,61,6,4,2
2012-07-15 - 2012-07-21,3,65,7,4,2
2012-07-22 - 2012-07-28,3,78,6,5,2
2012-07-29 - 2012-08-04,3,88,6,5,2
2012-08-05 - 2012-08-11,3,100,7,5,1
2012-08-12 - 2012-08-18,3,73,7,5,1
2012-08-19 - 2012-08-25,4,71,6,5,2
2012-08-26 - 2012-09-01,4,68,6,5,2
2012-09-02 - 2012-09-08,4,73,6,5,1
2012-09-09 - 2012-09-15,4,61,6,5,1
2012-09-16 - 2012-09-22,5,59,5,5,2
2012-09-23 - 2012-09-29,5,58,5,4,1
2012-09-30 - 2012-10-06,6,56,5,5,1
2012-10-07 - 2012-10-13,6,59,5,5,2
2012-10-14 - 2012-10-20,7,55,5,4,1
2012-10-21 - 2012-10-27,7,53,5,4,1
2012-10-28 - 2012-11-03,8,49,5,4,1
2012-11-04 - 2012-11-10,9,52,5,4,1
2012-11-11 - 2012-11-17,9,57,5,4,1
2012-11-18 - 2012-11-24,10,47,4,4,1
2012-11-25 - 2012-12-01,11,47,4,4,1
2012-12-02 - 2012-12-08,12,50,4,3,1
2012-12-09 - 2012-12-15,13,55,4,3,1
2012-12-16 - 2012-12-22,17,65,4,3,1
2012-12-23 - 2012-12-29,23,46,3,3,1
2012-12-30 - 2013-01-05,57,41,3,3,1
2013-01-06 - 2013-01-12,54,32,3,3,1
2013-01-13 - 2013-01-19, , , , , 
2013-01-20 - 2013-01-26, , , , , 
2013-01-27 - 2013-02-02, , , , , 


Top subregions for 2013
Subregion,2013,2012,2011,2010,2009
Boyaca,100,65,58,69,38
Casanare,94,69,57,73,41
Nariño,92,61,61,65,34
Magdalena,81,58,49,50,25
Caldea,75,43,54,72,46
Tolima,73,51,55,50,25
Cauca,69,52,44,72,60
Bolívar,61,47,47,68,43
Quindio,58,46,59,67,30
Cundinamarca,57,34,61,70,30
Valle del Cauca,57,58,61,66,40
Atlántico,57,49,56,61,40
Cordoba,54,44,58,59,27
La Guajira,54,28,100,58,35
Sucre,53,55,68,55,28
Meta,53,38,39,59,48
Cesar,51,36,69,86,33
Norte de Santander,50,46,53,48,22
Distrito Capltal de Santa Fe de Bogotã,49,38,42,100,100
Santander,48,40,43,62,54
Antioquia,43,39,42,95,96
Risaralda,42,34,39,73,67
Huila,40,45,51,50,31
Amazonas,0,0,0,0,0
Arauca,0,67,64,0,0
Caqueta,0,100,0,0,0
Choco,0,0,0,0,0
Guainia,0,0,0,0,0
Guaviare,0,0,0,0,0
Putumayo,0,0,0,0,0
San Andres y Providencia,0,0,0,0,0
Vaupes,0,0,0,0,0
Vichada,0,0,0,0,0

Top subregions for 2012
Subregion,2013,2012,2011,2010,2009
Caqueta,0,100,0,0,0
Casanare,94,69,57,73,41
Arauca,0,67,64,0,0
Boyaca,100,65,58,69,38
Nariño,92,61,61,65,34
Magdalena,81,58,49,50,25
Valle del Cauca,57,58,61,66,40
Sucre,53,55,68,55,28
Cauca,69,52,44,72,60
Tolima,73,51,55,50,25
Atlántico,57,49,56,61,40
Bolívar,61,47,47,68,43
Norte de Santander,50,46,53,48,22
Quindio,58,46,59,67,30
Huila,40,45,51,50,31
Cordoba,54,44,58,59,27
Caldea,75,43,54,72,46
Santander,48,40,43,62,54
Antioquia,43,39,42,95,96
Meta,53,38,39,59,48
Distrito Capltal de Santa Fe de Bogotã,49,38,42,100,100
Cesar,51,36,69,86,33
Cundinamarca,57,34,61,70,30
Risaralda,42,34,39,73,67
La Guajira,54,28,100,58,35
Amazonas,0,0,0,0,0
Choco,0,0,0,0,0
Guainia,0,0,0,0,0
Guaviare,0,0,0,0,0
Putumayo,0,0,0,0,0
San Andres y Providencia,0,0,0,0,0
Vaupes,0,0,0,0,0
Vichada,0,0,0,0,0

Top subregions for 2011
Subregion,2013,2012,2011,2010,2009
La Guajira,54,28,100,58,35
Cesar,51,36,69,86,33
Sucre,53,55,68,55,28
Arauca,0,67,64,0,0
Nariño,92,61,61,65,34
Valle del Cauca,57,58,61,66,40
Cundinamarca,57,34,61,70,30
Quindio,58,46,59,67,30
Cordoba,54,44,58,59,27
Boyaca,100,65,58,69,38
Casanare,94,69,57,73,41
Atlántico,57,49,56,61,40
Tolima,73,51,55,50,25
Caldea,75,43,54,72,46
Norte de Santander,50,46,53,48,22
Huila,40,45,51,50,31
Magdalena,81,58,49,50,25
Bolívar,61,47,47,68,43
Cauca,69,52,44,72,60
Santander,48,40,43,62,54
Distrito Capltal de Santa Fe de Bogotã,49,38,42,100,100
Antioquia,43,39,42,95,96
Risaralda,42,34,39,73,67
Meta,53,38,39,59,48
Amazonas,0,0,0,0,0
Caqueta,0,100,0,0,0
Choco,0,0,0,0,0
Guainia,0,0,0,0,0
Guaviare,0,0,0,0,0
Putumayo,0,0,0,0,0
San Andres y Providencia,0,0,0,0,0
Vaupes,0,0,0,0,0
Vichada,0,0,0,0,0

Top subregions for 2010
Subregion,2013,2012,2011,2010,2009
Distrito Capltal de Santa Fe de Bogotã,49,38,42,100,100
Antioquia,43,39,42,95,96
Cesar,51,36,69,86,33
Casanare,94,69,57,73,41
Risaralda,42,34,39,73,67
Caldea,75,43,54,72,46
Cauca,69,52,44,72,60
Cundinamarca,57,34,61,70,30
Boyaca,100,65,58,69,38
Bolívar,61,47,47,68,43
Quindio,58,46,59,67,30
Valle del Cauca,57,58,61,66,40
Nariño,92,61,61,65,34
Santander,48,40,43,62,54
Atlántico,57,49,56,61,40
Cordoba,54,44,58,59,27
Meta,53,38,39,59,48
La Guajira,54,28,100,58,35
Sucre,53,55,68,55,28
Magdalena,81,58,49,50,25
Tolima,73,51,55,50,25
Huila,40,45,51,50,31
Norte de Santander,50,46,53,48,22
Amazonas,0,0,0,0,0
Arauca,0,67,64,0,0
Caqueta,0,100,0,0,0
Choco,0,0,0,0,0
Guainia,0,0,0,0,0
Guaviare,0,0,0,0,0
Putumayo,0,0,0,0,0
San Andres y Providencia,0,0,0,0,0
Vaupes,0,0,0,0,0
Vichada,0,0,0,0,0

Top subregions for 2009
Subregion,2013,2012,2011,2010,2009
Distrito Capltal de Santa Fe de Bogotã,49,38,42,100,100
Antioquia,43,39,42,95,96
Risaralda,42,34,39,73,67
Cauca,69,52,44,72,60
Santander,48,40,43,62,54
Meta,53,38,39,59,48
Caldea,75,43,54,72,46
Bolívar,61,47,47,68,43
Casanare,94,69,57,73,41
Valle del Cauca,57,58,61,66,40
Atlántico,57,49,56,61,40
Boyaca,100,65,58,69,38
La Guajira,54,28,100,58,35
Nariño,92,61,61,65,34
Cesar,51,36,69,86,33
Huila,40,45,51,50,31
Cundinamarca,57,34,61,70,30
Quindio,58,46,59,67,30
Sucre,53,55,68,55,28
Cordoba,54,44,58,59,27
Magdalena,81,58,49,50,25
Tolima,73,51,55,50,25
Norte de Santander,50,46,53,48,22
Amazonas,0,0,0,0,0
Arauca,0,67,64,0,0
Caqueta,0,100,0,0,0
Choco,0,0,0,0,0
Guainia,0,0,0,0,0
Guaviare,0,0,0,0,0
Putumayo,0,0,0,0,0
San Andres y Providencia,0,0,0,0,0
Vaupes,0,0,0,0,0
Vichada,0,0,0,0,0


Top cities for 2013
City,2013
Ibague,100
Manizales,94
Popayan,90
Cali,79
Bogota,78
Santa Marta,72
Monteria,70
Villavicencio,68
Cucuta,66
Bucaramanga,66
Medellin,63
Cartagena,58
Pereira,58
Barranquilla,57

Top cities for 2012
City,2012
Cali,100
Santa Marta,97
Ibague,88
Barranquilla,87
Popayan,87
Cartagena,80
Cucuta,79
Bogota,77
Armenia,75
Medellin,74
Monteria,73
Bucaramanga,69
Pereira,60

Top cities for 2011
City,2011
Soacha,100
Cali,95
Barranquilla,88
Monteria,81
Ibague,81
Armenia,81
Manizales,74
Cucuta,73
Bogota,72
Neiva,70
Cartagena,69
Santa Marta,68
Medellin,68
Bucaramanga,61
Popayan,61

Top cities for 2010
City,2010
Bogota,100
Medellin,90
Pereira,62
Cali,60
Popayan,58
Cartagena,57
Bucaramanga,56
Barranquilla,53
Ibague,41
Cucuta,40

Top cities for 2009
City,2009
Bogota,100
Medellin,94
Pereira,58
Bucaramanga,49
Cali,38
Cartagena,38
Barranquilla,36



Top searches for 2013
calendario 2013,100
calendario,100
pes 2013,100
calendario 2013 colombia,45
minimo 2013,35
salario minimo 2013,35
salario minimo,35
enero 2013,30
resolucion 2013,25
ford,20
descargar pes 2013,20
pes 2013 pc,20
chevrolet,20
calendario 2012,20
año nuevo 2013,15
kia,15
real madrid,15
fifa 2013,15
office,15
renault,15
office 2013,15
horoscopo 2013,15
feliz 2013,15
festivos colombia 2013,15
fichajes,10
fichajes 2013,10
semana santa 2013,10
feliz año 2013,10
inscripciones sena,10
autocad 2013,10
inscripciones sena 2013,10
moda 2013,10
yamaha,10
hyundai,10
carnaval 2013,10
ford colombia,10
nissan,10
salario minimo 2012,10
calendario 2012 colombia,10
matriculas 2013,10
toyota,10
copa libertadores 2013,5
pes 2013 ps2,5
ford escape 2013,5
carnavales 2013,5
resolucion 1016,5
decreto 1295,5
copaso,5
tuneup 2013,5


Top searches for 2012
juegos,100
calendario,100
calendario 2012,95
salario minimo,50
salario minimo 2012,50
pes 2012,50
sena,45
londres 2012,40
juegos olimpicos,40
juegos olimpicos 2012,40
desafio 2012,35
rcn,30
liga postobon,30
liga postobon 2012,30
icfes 2012,30
real madrid,30
icfes,30
calendario 2012 colombia,30
peliculas 2012,25
peliculas,25
baloto,25
baloto 2012,25
moda 2012,20
olimpicos londres 2012,20
reggaeton 2012,20
copa libertadores 2012,20
reggaeton,20
el tiempo,20
millonarios,15
semana,15
eurocopa 2012,15
normas icontec,15
el desafio 2012,15
normas icontec 2012,15
horoscopo,15
dian,15
pes 2012 pc,15
descargar pes 2012,15
copa postobon,10
copa postobon 2012,10
resultados icfes 2012,10
atletico nacional,10
atletico nacional 2012,10
yo me llamo,10
champions league 2012,10
ares,10
revista motor,10
mercadolibre,10
twitter,10
festivos colombia 2012,10


Top searches for 2011
calendario,100
calendario 2011,100
salario minimo,55
sena,50
liga postobon 2011,50
salario minimo 2011,50
liga postobon,50
pes 2011,50
musica 2011,45
musica,45
taringa,45
messenger 2011,45
icfes 2011,45
noticias,45
messenger,45
icfes,45
peliculas 2011,45
peliculas,45
rcn,35
calendario 2011 colombia,35
copa america,35
reggaeton 2011,35
caracol,35
baloto,35
elecciones 2011,35
copa america 2011,35
msn,25
dian,25
registraduria,25
msn 2011,25
moda 2011,25
baloto resultados 2011,20
resultados baloto,20
desafio 2011,20
normas icontec 2011,20
ares,20
normas icontec,20
descargar messenger 2011,20
descargar messenger,20
windows live,20
pico y placa,20
resultados icfes 2011,20
horoscopo,15
revista motor 2011,15
revista motor,15
factor xs,15
factor xs 2011,15
descargar ares,15
copa postobon 2011,15
windows live messenger,15


Top searches for 2010
office,100
office 2010,100
mundial 2010,75
taringa,50
calendario,50
calendario 2010,50
microsoft,40
sudafrica 2010,40
pes 2010,30
excel 2010,30
mundial sudafrica 2010,25
microsoft office 2010,25
microsoft office,25
icfes,25
descargar office 2010,25
salario minimo 2010,25
icfes 2010,25
messenger,25
messenger 2010,25
peliculas 2010,20
calendario colombia 2010,20
elecciones 2010,20
dian,15
reggaeton 2010,15
descargar messenger 2010,15
desafio 2010,15
descargar messenger,15
icfes resultados 2010,15
autocad 2010,15
office 2010 taringa,15
liga postobon,10
windows live,10
liga postobon 2010,10
clave office 2010,10
windows live messenger,10
registraduria,10
normas icontec,10
normas icontec 2010,10
serial office 2010,10
juegos de futbol,10
ipc 2010,10
visual studio 2010,10
descargar ares,10
calendario tributario 2010,10
registraduria nacional,10
oferta educativa sena,5
elecciones 2010 colombia,5
powerpoint 2010,5
activar office 2010,5
revista motor,5


Top searches for 2009
messenger 2009,100
messenger,100
calendario,65
calendario 2009,65
msn 2009,60
msn,60
salario minimo 2009,45
salario minimo,40
windows live,40
descargar messenger,40
descargar messenger 2009,40
icfes 2009,40
windows live messenger,40
icfes,35
resolucion,35
pes 2009,30
taringa,30
descargar msn 2009,25
descargar msn,25
dian,25
encarta 2009,20
horoscopo 2009,20
horoscopo,20
resultados icfes,20
resultados icfes 2009,20
concurso docente 2009,15
calendario 2009 colombia,15
messenger plus 2009,15
msn plus 2009,15
messenger plus,15
cnsc,15
desafio 2009,15
ipc 2009,15
moda 2009,15
reggaeton 2009,15
copa mustang,15
copa mustang 2009,15
autocad 2009,15
ipc,15
normas icontec 2009,10
convocatorias 2009,10
normas icontec,10
calendario tributario 2009,10
factor x 2009,10
ecaes 2009,10
baloto resultados 2009,10
descargar pes 2009,10
tuneup 2009,10
dane,10
revista motor,10



Rising searches for 2013
calendario,Breakout
calendario 2013,Breakout
calendario 2013 colombia,Breakout
enero 2013,Breakout
ford,Breakout
minimo 2013,Breakout
pes 2013,Breakout
salario minimo,Breakout
salario minimo 2013,Breakout


Rising searches for 2012
calendario,Breakout
calendario 2012,Breakout
desafio 2012,Breakout
juegos,Breakout
juegos olimpicos,Breakout
juegos olimpicos 2012,Breakout
londres 2012,Breakout
pes 2012,Breakout
salario minimo,Breakout
salario minimo 2012,Breakout


Rising searches for 2011
calendario,Breakout
calendario 2011,Breakout
liga postobon,Breakout
liga postobon 2011,Breakout
musica,Breakout
musica 2011,Breakout
pes 2011,Breakout
salario minimo,Breakout
salario minimo 2011,Breakout
sena,Breakout


Rising searches for 2010
calendario,Breakout
calendario 2010,Breakout
excel 2010,Breakout
microsoft,Breakout
mundial 2010,Breakout
office,Breakout
office 2010,Breakout
pes 2010,Breakout
sudafrica 2010,Breakout
taringa,Breakout


Rising searches for 2009
calendario,Breakout
calendario 2009,Breakout
descargar messenger,Breakout
descargar messenger 2009,Breakout
messenger,Breakout
messenger 2009,Breakout
msn,Breakout
msn 2009,Breakout
salario minimo,Breakout
salario minimo 2009,Breakout



