Web Search Interest: 2013; 2012; 2011; 2010; 2009
Egypt; 2004 - present

Interest over time
Week,2013,2012,2011,2010,2009
2004-01-04 - 2004-01-10,0,0,0,2,0
2004-01-11 - 2004-01-17,0,0,0,2,0
2004-01-18 - 2004-01-24,0,0,0,2,0
2004-01-25 - 2004-01-31,0,0,0,2,0
2004-02-01 - 2004-02-07,0,0,0,0,0
2004-02-08 - 2004-02-14,0,0,0,0,0
2004-02-15 - 2004-02-21,0,0,0,0,0
2004-02-22 - 2004-02-28,0,0,0,0,0
2004-02-29 - 2004-03-06,0,0,0,0,0
2004-03-07 - 2004-03-13,0,0,0,0,0
2004-03-14 - 2004-03-20,0,0,0,1,0
2004-03-21 - 2004-03-27,0,0,0,1,0
2004-03-28 - 2004-04-03,0,0,0,1,0
2004-04-04 - 2004-04-10,0,0,0,1,0
2004-04-11 - 2004-04-17,0,0,0,1,0
2004-04-18 - 2004-04-24,0,0,0,2,0
2004-04-25 - 2004-05-01,0,0,0,2,0
2004-05-02 - 2004-05-08,0,0,0,2,0
2004-05-09 - 2004-05-15,0,0,0,4,0
2004-05-16 - 2004-05-22,0,0,0,2,0
2004-05-23 - 2004-05-29,0,0,0,0,0
2004-05-30 - 2004-06-05,0,0,0,0,0
2004-06-06 - 2004-06-12,0,0,0,0,0
2004-06-13 - 2004-06-19,0,0,0,0,0
2004-06-20 - 2004-06-26,0,0,0,0,0
2004-06-27 - 2004-07-03,0,0,0,0,0
2004-07-04 - 2004-07-10,0,0,0,0,0
2004-07-11 - 2004-07-17,0,0,0,0,0
2004-07-18 - 2004-07-24,0,0,0,0,0
2004-07-25 - 2004-07-31,0,0,0,0,0
2004-08-01 - 2004-08-07,0,0,0,0,0
2004-08-08 - 2004-08-14,0,0,0,0,0
2004-08-15 - 2004-08-21,0,0,0,0,0
2004-08-22 - 2004-08-28,0,0,0,0,0
2004-08-29 - 2004-09-04,0,0,0,0,0
2004-09-05 - 2004-09-11,0,0,0,0,0
2004-09-12 - 2004-09-18,0,0,0,0,0
2004-09-19 - 2004-09-25,0,0,0,0,0
2004-09-26 - 2004-10-02,0,0,0,0,0
2004-10-03 - 2004-10-09,0,0,0,0,0
2004-10-10 - 2004-10-16,0,0,0,0,0
2004-10-17 - 2004-10-23,0,0,0,0,0
2004-10-24 - 2004-10-30,0,0,0,0,0
2004-10-31 - 2004-11-06,0,0,0,0,0
2004-11-07 - 2004-11-13,0,0,0,0,0
2004-11-14 - 2004-11-20,0,0,0,0,0
2004-11-21 - 2004-11-27,0,0,0,0,0
2004-11-28 - 2004-12-04,0,0,0,0,0
2004-12-05 - 2004-12-11,0,0,0,0,0
2004-12-12 - 2004-12-18,0,0,0,0,0
2004-12-19 - 2004-12-25,0,0,0,0,0
2004-12-26 - 2005-01-01,0,0,0,0,0
2005-01-02 - 2005-01-08,0,0,0,0,0
2005-01-09 - 2005-01-15,0,0,0,0,0
2005-01-16 - 2005-01-22,0,0,0,0,0
2005-01-23 - 2005-01-29,0,0,0,0,0
2005-01-30 - 2005-02-05,0,0,0,0,0
2005-02-06 - 2005-02-12,0,0,0,0,0
2005-02-13 - 2005-02-19,0,0,0,0,0
2005-02-20 - 2005-02-26,0,0,0,0,0
2005-02-27 - 2005-03-05,0,0,0,0,0
2005-03-06 - 2005-03-12,0,0,0,0,0
2005-03-13 - 2005-03-19,0,0,0,0,0
2005-03-20 - 2005-03-26,0,0,0,0,0
2005-03-27 - 2005-04-02,0,0,0,0,0
2005-04-03 - 2005-04-09,0,0,0,0,0
2005-04-10 - 2005-04-16,0,0,0,0,0
2005-04-17 - 2005-04-23,0,0,0,0,0
2005-04-24 - 2005-04-30,0,0,0,0,0
2005-05-01 - 2005-05-07,0,0,0,0,0
2005-05-08 - 2005-05-14,0,0,0,0,0
2005-05-15 - 2005-05-21,0,0,0,0,0
2005-05-22 - 2005-05-28,0,0,0,0,0
2005-05-29 - 2005-06-04,0,0,0,0,0
2005-06-05 - 2005-06-11,0,0,0,0,0
2005-06-12 - 2005-06-18,0,0,0,0,0
2005-06-19 - 2005-06-25,0,0,0,0,0
2005-06-26 - 2005-07-02,0,0,0,0,0
2005-07-03 - 2005-07-09,0,0,0,0,0
2005-07-10 - 2005-07-16,0,0,0,0,0
2005-07-17 - 2005-07-23,0,0,0,0,0
2005-07-24 - 2005-07-30,0,0,0,0,0
2005-07-31 - 2005-08-06,0,0,0,0,0
2005-08-07 - 2005-08-13,0,0,0,0,0
2005-08-14 - 2005-08-20,0,0,0,0,0
2005-08-21 - 2005-08-27,0,0,0,0,0
2005-08-28 - 2005-09-03,0,0,0,0,0
2005-09-04 - 2005-09-10,0,0,0,0,0
2005-09-11 - 2005-09-17,0,0,0,0,0
2005-09-18 - 2005-09-24,0,0,0,0,0
2005-09-25 - 2005-10-01,0,0,0,0,0
2005-10-02 - 2005-10-08,0,0,0,0,0
2005-10-09 - 2005-10-15,0,0,0,0,0
2005-10-16 - 2005-10-22,0,0,0,0,0
2005-10-23 - 2005-10-29,0,0,0,0,0
2005-10-30 - 2005-11-05,0,0,0,0,0
2005-11-06 - 2005-11-12,0,0,0,0,0
2005-11-13 - 2005-11-19,0,0,0,0,0
2005-11-20 - 2005-11-26,0,0,0,0,0
2005-11-27 - 2005-12-03,0,0,0,0,0
2005-12-04 - 2005-12-10,0,0,0,0,0
2005-12-11 - 2005-12-17,0,0,0,0,0
2005-12-18 - 2005-12-24,0,0,0,0,0
2005-12-25 - 2005-12-31,0,0,0,0,0
2006-01-01 - 2006-01-07,0,0,0,0,0
2006-01-08 - 2006-01-14,0,0,0,0,0
2006-01-15 - 2006-01-21,0,0,0,0,0
2006-01-22 - 2006-01-28,0,0,0,0,0
2006-01-29 - 2006-02-04,0,0,0,0,0
2006-02-05 - 2006-02-11,0,0,0,0,0
2006-02-12 - 2006-02-18,0,0,0,0,0
2006-02-19 - 2006-02-25,0,0,0,0,0
2006-02-26 - 2006-03-04,0,0,0,0,0
2006-03-05 - 2006-03-11,0,0,0,0,0
2006-03-12 - 2006-03-18,0,0,0,0,0
2006-03-19 - 2006-03-25,0,0,0,0,0
2006-03-26 - 2006-04-01,0,0,0,0,0
2006-04-02 - 2006-04-08,0,0,0,0,0
2006-04-09 - 2006-04-15,0,0,0,0,0
2006-04-16 - 2006-04-22,0,0,0,0,0
2006-04-23 - 2006-04-29,0,0,0,0,0
2006-04-30 - 2006-05-06,0,0,0,0,0
2006-05-07 - 2006-05-13,0,0,0,0,0
2006-05-14 - 2006-05-20,0,0,0,0,0
2006-05-21 - 2006-05-27,0,0,0,0,0
2006-05-28 - 2006-06-03,0,0,0,0,0
2006-06-04 - 2006-06-10,0,0,0,0,0
2006-06-11 - 2006-06-17,0,0,0,0,0
2006-06-18 - 2006-06-24,0,0,0,0,0
2006-06-25 - 2006-07-01,0,0,0,0,0
2006-07-02 - 2006-07-08,0,0,0,0,0
2006-07-09 - 2006-07-15,0,0,0,0,0
2006-07-16 - 2006-07-22,0,0,0,0,0
2006-07-23 - 2006-07-29,0,0,0,0,0
2006-07-30 - 2006-08-05,0,0,0,0,0
2006-08-06 - 2006-08-12,0,0,0,0,0
2006-08-13 - 2006-08-19,0,0,0,0,0
2006-08-20 - 2006-08-26,0,0,0,0,0
2006-08-27 - 2006-09-02,0,0,0,0,0
2006-09-03 - 2006-09-09,0,0,0,0,0
2006-09-10 - 2006-09-16,0,0,0,0,0
2006-09-17 - 2006-09-23,0,0,0,0,0
2006-09-24 - 2006-09-30,0,0,0,0,0
2006-10-01 - 2006-10-07,0,0,0,0,0
2006-10-08 - 2006-10-14,0,0,0,0,0
2006-10-15 - 2006-10-21,0,0,0,0,0
2006-10-22 - 2006-10-28,0,0,0,0,0
2006-10-29 - 2006-11-04,0,0,0,0,0
2006-11-05 - 2006-11-11,0,0,0,0,0
2006-11-12 - 2006-11-18,0,0,0,0,0
2006-11-19 - 2006-11-25,0,0,0,0,0
2006-11-26 - 2006-12-02,0,0,0,0,0
2006-12-03 - 2006-12-09,0,0,0,0,0
2006-12-10 - 2006-12-16,0,0,0,0,0
2006-12-17 - 2006-12-23,0,0,0,0,0
2006-12-24 - 2006-12-30,0,0,0,0,0
2006-12-31 - 2007-01-06,0,0,0,0,0
2007-01-07 - 2007-01-13,0,0,0,0,0
2007-01-14 - 2007-01-20,0,0,0,0,0
2007-01-21 - 2007-01-27,0,0,0,0,0
2007-01-28 - 2007-02-03,0,0,0,0,0
2007-02-04 - 2007-02-10,0,0,0,0,0
2007-02-11 - 2007-02-17,0,0,0,0,0
2007-02-18 - 2007-02-24,0,0,0,0,0
2007-02-25 - 2007-03-03,0,0,0,0,0
2007-03-04 - 2007-03-10,0,0,0,0,0
2007-03-11 - 2007-03-17,0,0,0,0,0
2007-03-18 - 2007-03-24,0,0,0,0,0
2007-03-25 - 2007-03-31,0,0,0,0,0
2007-04-01 - 2007-04-07,0,0,0,0,0
2007-04-08 - 2007-04-14,0,0,0,0,0
2007-04-15 - 2007-04-21,0,0,0,0,0
2007-04-22 - 2007-04-28,0,0,0,0,0
2007-04-29 - 2007-05-05,0,0,0,0,0
2007-05-06 - 2007-05-12,0,0,0,0,0
2007-05-13 - 2007-05-19,0,0,0,0,0
2007-05-20 - 2007-05-26,0,0,0,0,0
2007-05-27 - 2007-06-02,0,0,0,0,0
2007-06-03 - 2007-06-09,0,0,0,0,0
2007-06-10 - 2007-06-16,0,0,0,0,0
2007-06-17 - 2007-06-23,0,0,0,0,0
2007-06-24 - 2007-06-30,0,0,0,0,0
2007-07-01 - 2007-07-07,0,0,0,0,0
2007-07-08 - 2007-07-14,0,0,0,0,0
2007-07-15 - 2007-07-21,0,0,0,0,0
2007-07-22 - 2007-07-28,0,0,0,0,0
2007-07-29 - 2007-08-04,0,0,0,0,0
2007-08-05 - 2007-08-11,0,0,0,0,0
2007-08-12 - 2007-08-18,0,0,0,0,0
2007-08-19 - 2007-08-25,0,0,0,0,0
2007-08-26 - 2007-09-01,0,0,0,0,0
2007-09-02 - 2007-09-08,0,0,0,0,0
2007-09-09 - 2007-09-15,0,0,0,0,0
2007-09-16 - 2007-09-22,0,0,0,0,0
2007-09-23 - 2007-09-29,0,0,0,0,0
2007-09-30 - 2007-10-06,0,0,0,0,0
2007-10-07 - 2007-10-13,0,0,0,0,0
2007-10-14 - 2007-10-20,0,0,0,0,0
2007-10-21 - 2007-10-27,0,0,0,0,0
2007-10-28 - 2007-11-03,0,0,0,0,0
2007-11-04 - 2007-11-10,0,0,0,0,0
2007-11-11 - 2007-11-17,0,0,0,0,0
2007-11-18 - 2007-11-24,0,0,0,0,0
2007-11-25 - 2007-12-01,0,0,0,0,0
2007-12-02 - 2007-12-08,0,0,0,0,0
2007-12-09 - 2007-12-15,0,0,0,0,0
2007-12-16 - 2007-12-22,0,0,0,0,0
2007-12-23 - 2007-12-29,0,0,0,0,0
2007-12-30 - 2008-01-05,0,0,0,0,0
2008-01-06 - 2008-01-12,0,0,0,0,0
2008-01-13 - 2008-01-19,0,0,0,0,0
2008-01-20 - 2008-01-26,0,0,0,0,0
2008-01-27 - 2008-02-02,0,0,0,0,0
2008-02-03 - 2008-02-09,0,0,0,0,0
2008-02-10 - 2008-02-16,0,0,0,0,0
2008-02-17 - 2008-02-23,0,0,0,0,0
2008-02-24 - 2008-03-01,0,0,0,0,0
2008-03-02 - 2008-03-08,0,0,0,0,0
2008-03-09 - 2008-03-15,0,0,0,0,0
2008-03-16 - 2008-03-22,0,0,0,0,0
2008-03-23 - 2008-03-29,0,0,0,0,0
2008-03-30 - 2008-04-05,0,0,0,0,0
2008-04-06 - 2008-04-12,0,0,0,0,0
2008-04-13 - 2008-04-19,0,0,0,0,0
2008-04-20 - 2008-04-26,0,0,0,0,1
2008-04-27 - 2008-05-03,0,0,0,0,1
2008-05-04 - 2008-05-10,0,0,0,0,1
2008-05-11 - 2008-05-17,0,0,0,0,1
2008-05-18 - 2008-05-24,0,0,0,0,1
2008-05-25 - 2008-05-31,0,0,0,0,1
2008-06-01 - 2008-06-07,0,0,0,0,1
2008-06-08 - 2008-06-14,0,0,0,0,1
2008-06-15 - 2008-06-21,0,0,0,0,1
2008-06-22 - 2008-06-28,0,0,0,0,1
2008-06-29 - 2008-07-05,0,0,0,0,2
2008-07-06 - 2008-07-12,0,0,0,0,1
2008-07-13 - 2008-07-19,0,0,0,0,1
2008-07-20 - 2008-07-26,0,0,0,0,2
2008-07-27 - 2008-08-02,0,0,0,0,2
2008-08-03 - 2008-08-09,0,0,0,0,2
2008-08-10 - 2008-08-16,0,0,0,0,2
2008-08-17 - 2008-08-23,0,0,0,0,2
2008-08-24 - 2008-08-30,0,0,0,0,3
2008-08-31 - 2008-09-06,0,0,0,0,3
2008-09-07 - 2008-09-13,0,0,0,0,4
2008-09-14 - 2008-09-20,0,0,0,0,4
2008-09-21 - 2008-09-27,0,0,0,0,5
2008-09-28 - 2008-10-04,0,0,0,0,5
2008-10-05 - 2008-10-11,0,0,0,0,5
2008-10-12 - 2008-10-18,0,0,0,0,6
2008-10-19 - 2008-10-25,0,0,0,1,6
2008-10-26 - 2008-11-01,0,0,0,0,6
2008-11-02 - 2008-11-08,0,0,0,0,6
2008-11-09 - 2008-11-15,0,0,0,0,6
2008-11-16 - 2008-11-22,0,0,0,0,6
2008-11-23 - 2008-11-29,0,0,0,0,7
2008-11-30 - 2008-12-06,0,0,0,0,8
2008-12-07 - 2008-12-13,0,0,0,0,9
2008-12-14 - 2008-12-20,0,0,0,0,11
2008-12-21 - 2008-12-27,0,0,0,0,14
2008-12-28 - 2009-01-03,0,0,0,0,19
2009-01-04 - 2009-01-10,0,0,0,0,18
2009-01-11 - 2009-01-17,0,0,0,0,19
2009-01-18 - 2009-01-24,0,0,0,0,20
2009-01-25 - 2009-01-31,0,0,0,0,27
2009-02-01 - 2009-02-07,0,0,0,0,33
2009-02-08 - 2009-02-14,0,0,0,0,29
2009-02-15 - 2009-02-21,0,0,0,0,22
2009-02-22 - 2009-02-28,0,0,0,0,23
2009-03-01 - 2009-03-07,0,0,0,0,24
2009-03-08 - 2009-03-14,0,0,0,0,25
2009-03-15 - 2009-03-21,0,0,0,0,25
2009-03-22 - 2009-03-28,0,0,0,1,24
2009-03-29 - 2009-04-04,0,0,0,1,23
2009-04-05 - 2009-04-11,0,0,0,1,24
2009-04-12 - 2009-04-18,0,0,0,1,24
2009-04-19 - 2009-04-25,0,0,0,1,25
2009-04-26 - 2009-05-02,0,0,0,1,26
2009-05-03 - 2009-05-09,0,0,0,1,29
2009-05-10 - 2009-05-16,0,0,0,1,29
2009-05-17 - 2009-05-23,0,0,0,1,30
2009-05-24 - 2009-05-30,0,0,0,1,36
2009-05-31 - 2009-06-06,0,0,0,1,45
2009-06-07 - 2009-06-13,0,0,0,2,57
2009-06-14 - 2009-06-20,0,0,0,1,49
2009-06-21 - 2009-06-27,0,0,0,1,43
2009-06-28 - 2009-07-04,0,0,0,2,52
2009-07-05 - 2009-07-11,0,0,0,2,42
2009-07-12 - 2009-07-18,0,0,0,2,60
2009-07-19 - 2009-07-25,0,0,0,2,42
2009-07-26 - 2009-08-01,0,0,0,2,41
2009-08-02 - 2009-08-08,0,0,0,2,37
2009-08-09 - 2009-08-15,0,0,0,3,36
2009-08-16 - 2009-08-22,0,0,0,3,36
2009-08-23 - 2009-08-29,0,0,0,3,33
2009-08-30 - 2009-09-05,0,0,0,4,32
2009-09-06 - 2009-09-12,0,0,0,5,32
2009-09-13 - 2009-09-19,0,0,0,5,38
2009-09-20 - 2009-09-26,0,0,0,5,37
2009-09-27 - 2009-10-03,0,0,0,6,35
2009-10-04 - 2009-10-10,0,0,0,6,32
2009-10-11 - 2009-10-17,0,0,0,6,30
2009-10-18 - 2009-10-24,0,0,0,6,31
2009-10-25 - 2009-10-31,0,0,0,7,31
2009-11-01 - 2009-11-07,0,0,0,7,31
2009-11-08 - 2009-11-14,0,1,0,7,30
2009-11-15 - 2009-11-21,0,1,0,9,29
2009-11-22 - 2009-11-28,0,1,0,10,34
2009-11-29 - 2009-12-05,0,2,0,11,30
2009-12-06 - 2009-12-12,0,2,0,11,28
2009-12-13 - 2009-12-19,0,2,0,15,30
2009-12-20 - 2009-12-26,0,2,0,19,30
2009-12-27 - 2010-01-02,0,1,0,27,28
2010-01-03 - 2010-01-09,0,1,0,29,22
2010-01-10 - 2010-01-16,0,1,0,39,19
2010-01-17 - 2010-01-23,0,1,0,33,18
2010-01-24 - 2010-01-30,0,1,0,36,16
2010-01-31 - 2010-02-06,0,1,0,43,16
2010-02-07 - 2010-02-13,0,1,0,46,17
2010-02-14 - 2010-02-20,0,1,0,47,15
2010-02-21 - 2010-02-27,0,1,0,35,12
2010-02-28 - 2010-03-06,0,1,0,33,11
2010-03-07 - 2010-03-13,0,1,0,35,11
2010-03-14 - 2010-03-20,0,1,0,38,9
2010-03-21 - 2010-03-27,0,0,1,36,10
2010-03-28 - 2010-04-03,0,1,1,37,9
2010-04-04 - 2010-04-10,0,0,1,37,9
2010-04-11 - 2010-04-17,0,0,1,37,8
2010-04-18 - 2010-04-24,0,0,1,38,8
2010-04-25 - 2010-05-01,0,0,1,37,8
2010-05-02 - 2010-05-08,0,0,1,38,7
2010-05-09 - 2010-05-15,0,0,1,42,7
2010-05-16 - 2010-05-22,0,0,1,46,7
2010-05-23 - 2010-05-29,0,0,1,51,7
2010-05-30 - 2010-06-05,0,0,1,64,7
2010-06-06 - 2010-06-12,0,0,1,79,6
2010-06-13 - 2010-06-19,0,0,1,79,6
2010-06-20 - 2010-06-26,0,0,1,66,5
2010-06-27 - 2010-07-03,0,0,2,63,5
2010-07-04 - 2010-07-10,0,0,2,71,6
2010-07-11 - 2010-07-17,0,0,2,76,5
2010-07-18 - 2010-07-24,0,0,3,61,3
2010-07-25 - 2010-07-31,0,0,3,57,3
2010-08-01 - 2010-08-07,0,0,4,55,3
2010-08-08 - 2010-08-14,0,0,5,62,3
2010-08-15 - 2010-08-21,0,0,6,55,3
2010-08-22 - 2010-08-28,0,0,6,51,3
2010-08-29 - 2010-09-04,0,1,6,51,3
2010-09-05 - 2010-09-11,0,1,6,55,3
2010-09-12 - 2010-09-18,0,0,8,48,2
2010-09-19 - 2010-09-25,0,0,8,43,2
2010-09-26 - 2010-10-02,0,0,7,41,2
2010-10-03 - 2010-10-09,0,1,7,42,2
2010-10-10 - 2010-10-16,0,1,7,40,2
2010-10-17 - 2010-10-23,0,0,8,39,2
2010-10-24 - 2010-10-30,0,0,10,39,2
2010-10-31 - 2010-11-06,0,0,10,39,2
2010-11-07 - 2010-11-13,0,0,11,43,2
2010-11-14 - 2010-11-20,0,0,12,46,2
2010-11-21 - 2010-11-27,0,0,12,37,2
2010-11-28 - 2010-12-04,0,0,12,54,2
2010-12-05 - 2010-12-11,0,1,14,39,2
2010-12-12 - 2010-12-18,0,0,14,33,2
2010-12-19 - 2010-12-25,0,0,17,33,2
2010-12-26 - 2011-01-01,0,1,26,30,2
2011-01-02 - 2011-01-08,0,0,24,24,1
2011-01-09 - 2011-01-15,0,1,27,22,1
2011-01-16 - 2011-01-22,0,1,30,22,2
2011-01-23 - 2011-01-29,0,0,32,19,1
2011-01-30 - 2011-02-05,0,1,33,18,1
2011-02-06 - 2011-02-12,0,1,44,14,1
2011-02-13 - 2011-02-19,0,1,41,12,1
2011-02-20 - 2011-02-26,0,1,39,11,1
2011-02-27 - 2011-03-05,0,1,37,10,1
2011-03-06 - 2011-03-12,0,1,38,9,1
2011-03-13 - 2011-03-19,0,1,40,8,1
2011-03-20 - 2011-03-26,0,1,35,8,1
2011-03-27 - 2011-04-02,0,1,39,7,1
2011-04-03 - 2011-04-09,0,1,39,7,1
2011-04-10 - 2011-04-16,0,1,38,6,1
2011-04-17 - 2011-04-23,0,1,40,6,1
2011-04-24 - 2011-04-30,0,1,40,6,1
2011-05-01 - 2011-05-07,0,1,40,6,1
2011-05-08 - 2011-05-14,0,1,40,5,1
2011-05-15 - 2011-05-21,0,1,44,5,1
2011-05-22 - 2011-05-28,0,2,52,5,1
2011-05-29 - 2011-06-04,0,2,68,6,1
2011-06-05 - 2011-06-11,0,2,69,6,1
2011-06-12 - 2011-06-18,0,2,60,5,1
2011-06-19 - 2011-06-25,0,3,50,5,1
2011-06-26 - 2011-07-02,0,3,55,5,1
2011-07-03 - 2011-07-09,0,3,61,5,1
2011-07-10 - 2011-07-16,0,3,84,6,1
2011-07-17 - 2011-07-23,0,3,75,6,2
2011-07-24 - 2011-07-30,0,4,64,4,2
2011-07-31 - 2011-08-06,0,4,64,4,1
2011-08-07 - 2011-08-13,0,4,57,4,1
2011-08-14 - 2011-08-20,0,5,50,4,1
2011-08-21 - 2011-08-27,0,6,50,4,1
2011-08-28 - 2011-09-03,0,5,50,3,1
2011-09-04 - 2011-09-10,0,6,46,3,1
2011-09-11 - 2011-09-17,0,7,44,3,1
2011-09-18 - 2011-09-24,0,6,43,3,1
2011-09-25 - 2011-10-01,0,7,46,3,1
2011-10-02 - 2011-10-08,0,7,41,3,1
2011-10-09 - 2011-10-15,0,8,37,3,1
2011-10-16 - 2011-10-22,0,9,34,3,1
2011-10-23 - 2011-10-29,0,10,35,3,1
2011-10-30 - 2011-11-05,0,11,34,3,1
2011-11-06 - 2011-11-12,0,12,35,3,1
2011-11-13 - 2011-11-19,0,10,35,3,1
2011-11-20 - 2011-11-26,0,10,39,2,1
2011-11-27 - 2011-12-03,0,11,48,3,1
2011-12-04 - 2011-12-10,0,12,32,3,1
2011-12-11 - 2011-12-17,0,13,30,3,1
2011-12-18 - 2011-12-24,0,14,24,2,1
2011-12-25 - 2011-12-31,0,22,24,3,1
2012-01-01 - 2012-01-07,0,25,21,2,1
2012-01-08 - 2012-01-14,0,23,18,2,1
2012-01-15 - 2012-01-21,0,27,16,2,1
2012-01-22 - 2012-01-28,0,32,17,3,1
2012-01-29 - 2012-02-04,0,37,16,3,1
2012-02-05 - 2012-02-11,0,45,12,2,1
2012-02-12 - 2012-02-18,0,36,10,2,1
2012-02-19 - 2012-02-25,0,31,10,2,1
2012-02-26 - 2012-03-03,0,32,8,2,1
2012-03-04 - 2012-03-10,0,34,8,2,1
2012-03-11 - 2012-03-17,0,35,7,2,1
2012-03-18 - 2012-03-24,0,33,6,2,1
2012-03-25 - 2012-03-31,1,35,6,2,1
2012-04-01 - 2012-04-07,1,35,6,2,1
2012-04-08 - 2012-04-14,1,38,5,2,1
2012-04-15 - 2012-04-21,1,38,5,2,1
2012-04-22 - 2012-04-28,1,38,5,2,1
2012-04-29 - 2012-05-05,1,36,5,2,1
2012-05-06 - 2012-05-12,1,40,5,2,1
2012-05-13 - 2012-05-19,1,51,5,2,1
2012-05-20 - 2012-05-26,1,73,5,2,1
2012-05-27 - 2012-06-02,1,63,6,2,1
2012-06-03 - 2012-06-09,2,57,6,3,1
2012-06-10 - 2012-06-16,2,53,6,3,1
2012-06-17 - 2012-06-23,2,44,5,2,1
2012-06-24 - 2012-06-30,2,44,5,3,1
2012-07-01 - 2012-07-07,2,51,5,3,1
2012-07-08 - 2012-07-14,2,51,6,3,1
2012-07-15 - 2012-07-21,4,100,10,3,1
2012-07-22 - 2012-07-28,4,61,6,3,1
2012-07-29 - 2012-08-04,4,63,6,2,1
2012-08-05 - 2012-08-11,4,54,4,2,1
2012-08-12 - 2012-08-18,4,52,4,2,1
2012-08-19 - 2012-08-25,4,48,4,2,1
2012-08-26 - 2012-09-01,5,48,4,2,1
2012-09-02 - 2012-09-08,6,44,4,2,1
2012-09-09 - 2012-09-15,6,42,4,2,1
2012-09-16 - 2012-09-22,6,41,3,2,1
2012-09-23 - 2012-09-29,7,36,3,2,1
2012-09-30 - 2012-10-06,6,32,3,2,1
2012-10-07 - 2012-10-13,7,30,3,2,1
2012-10-14 - 2012-10-20,7,30,3,2,1
2012-10-21 - 2012-10-27,8,32,3,2,1
2012-10-28 - 2012-11-03,8,28,3,2,1
2012-11-04 - 2012-11-10,8,27,3,2,1
2012-11-11 - 2012-11-17,9,26,3,2,1
2012-11-18 - 2012-11-24,9,26,2,2,1
2012-11-25 - 2012-12-01,9,25,2,2,1
2012-12-02 - 2012-12-08,9,25,2,2,1
2012-12-09 - 2012-12-15,10,26,2,2,1
2012-12-16 - 2012-12-22,13,25,2,2,1
2012-12-23 - 2012-12-29,16,22,2,2,1
2012-12-30 - 2013-01-05,26,20,2,2,1
2013-01-06 - 2013-01-12,24,19,3,2,1
2013-01-13 - 2013-01-19, , , , , 
2013-01-20 - 2013-01-26, , , , , 
2013-01-27 - 2013-02-02, , , , , 


Top subregions for 2013
Subregion,2013,2012,2011,2010,2009
Al Uqsur,100,81,0,0,0
Al Ismailiyah,18,72,62,62,27
Aswan,17,71,62,72,39
Ash Sharqiyah,17,78,70,59,26
Asyut,16,82,51,48,30
Bur Said,15,66,64,62,28
Al Fayyum,15,60,76,76,33
Janub Sina,15,46,61,68,0
Al Jizah,15,74,33,54,40
Ad Daqahliyah,14,42,83,75,29
Suhaj,14,73,53,51,26
Al Bahr al Ahmar,14,58,57,64,24
Al Qahirah,12,69,52,73,68
As Suways,12,64,59,61,29
Qina,12,74,59,60,26
Dumyat,11,71,48,49,23
Al Iskandariyah,10,56,51,100,100
Al Gharbiyah,9,43,88,63,30
Al Qalyubiyah,7,49,84,62,32
Bani Suwayf,6,58,91,78,32
Al Minufiyah,4,52,65,52,57
Al Buhayrah,0,0,0,0,0
Kafr ash Shaykh,0,0,0,0,0
Al Minya,0,28,100,75,36
Matruh,0,0,0,0,0
Shamal Sina,0,100,0,0,0
Al Wadi al Jadid,0,0,0,0,0

Top subregions for 2012
Subregion,2013,2012,2011,2010,2009
Shamal Sina,0,100,0,0,0
Asyut,16,82,51,48,30
Al Uqsur,100,81,0,0,0
Ash Sharqiyah,17,78,70,59,26
Al Jizah,15,74,33,54,40
Qina,12,74,59,60,26
Suhaj,14,73,53,51,26
Al Ismailiyah,18,72,62,62,27
Dumyat,11,71,48,49,23
Aswan,17,71,62,72,39
Al Qahirah,12,69,52,73,68
Bur Said,15,66,64,62,28
As Suways,12,64,59,61,29
Al Fayyum,15,60,76,76,33
Al Bahr al Ahmar,14,58,57,64,24
Bani Suwayf,6,58,91,78,32
Al Iskandariyah,10,56,51,100,100
Al Minufiyah,4,52,65,52,57
Al Qalyubiyah,7,49,84,62,32
Janub Sina,15,46,61,68,0
Al Gharbiyah,9,43,88,63,30
Ad Daqahliyah,14,42,83,75,29
Al Minya,0,28,100,75,36
Al Buhayrah,0,0,0,0,0
Kafr ash Shaykh,0,0,0,0,0
Matruh,0,0,0,0,0
Al Wadi al Jadid,0,0,0,0,0

Top subregions for 2011
Subregion,2013,2012,2011,2010,2009
Al Minya,0,28,100,75,36
Bani Suwayf,6,58,91,78,32
Al Gharbiyah,9,43,88,63,30
Al Qalyubiyah,7,49,84,62,32
Ad Daqahliyah,14,42,83,75,29
Al Fayyum,15,60,76,76,33
Ash Sharqiyah,17,78,70,59,26
Al Minufiyah,4,52,65,52,57
Bur Said,15,66,64,62,28
Al Ismailiyah,18,72,62,62,27
Aswan,17,71,62,72,39
Janub Sina,15,46,61,68,0
As Suways,12,64,59,61,29
Qina,12,74,59,60,26
Al Bahr al Ahmar,14,58,57,64,24
Suhaj,14,73,53,51,26
Al Qahirah,12,69,52,73,68
Asyut,16,82,51,48,30
Al Iskandariyah,10,56,51,100,100
Dumyat,11,71,48,49,23
Al Jizah,15,74,33,54,40
Al Buhayrah,0,0,0,0,0
Kafr ash Shaykh,0,0,0,0,0
Al Uqsur,100,81,0,0,0
Matruh,0,0,0,0,0
Shamal Sina,0,100,0,0,0
Al Wadi al Jadid,0,0,0,0,0

Top subregions for 2010
Subregion,2013,2012,2011,2010,2009
Al Iskandariyah,10,56,51,100,100
Bani Suwayf,6,58,91,78,32
Al Fayyum,15,60,76,76,33
Ad Daqahliyah,14,42,83,75,29
Al Minya,0,28,100,75,36
Al Qahirah,12,69,52,73,68
Aswan,17,71,62,72,39
Janub Sina,15,46,61,68,0
Al Bahr al Ahmar,14,58,57,64,24
Al Gharbiyah,9,43,88,63,30
Al Qalyubiyah,7,49,84,62,32
Al Ismailiyah,18,72,62,62,27
Bur Said,15,66,64,62,28
As Suways,12,64,59,61,29
Qina,12,74,59,60,26
Ash Sharqiyah,17,78,70,59,26
Al Jizah,15,74,33,54,40
Al Minufiyah,4,52,65,52,57
Suhaj,14,73,53,51,26
Dumyat,11,71,48,49,23
Asyut,16,82,51,48,30
Al Buhayrah,0,0,0,0,0
Kafr ash Shaykh,0,0,0,0,0
Al Uqsur,100,81,0,0,0
Matruh,0,0,0,0,0
Shamal Sina,0,100,0,0,0
Al Wadi al Jadid,0,0,0,0,0

Top subregions for 2009
Subregion,2013,2012,2011,2010,2009
Al Iskandariyah,10,56,51,100,100
Al Qahirah,12,69,52,73,68
Al Minufiyah,4,52,65,52,57
Al Jizah,15,74,33,54,40
Aswan,17,71,62,72,39
Al Minya,0,28,100,75,36
Al Fayyum,15,60,76,76,33
Al Qalyubiyah,7,49,84,62,32
Bani Suwayf,6,58,91,78,32
Asyut,16,82,51,48,30
Al Gharbiyah,9,43,88,63,30
As Suways,12,64,59,61,29
Ad Daqahliyah,14,42,83,75,29
Bur Said,15,66,64,62,28
Al Ismailiyah,18,72,62,62,27
Ash Sharqiyah,17,78,70,59,26
Qina,12,74,59,60,26
Suhaj,14,73,53,51,26
Al Bahr al Ahmar,14,58,57,64,24
Dumyat,11,71,48,49,23
Al Buhayrah,0,0,0,0,0
Janub Sina,15,46,61,68,0
Kafr ash Shaykh,0,0,0,0,0
Al Uqsur,100,81,0,0,0
Matruh,0,0,0,0,0
Shamal Sina,0,100,0,0,0
Al Wadi al Jadid,0,0,0,0,0


Top cities for 2013
City,2013
Ad Duqqi,100
Ismailia,89
Az Zagazig,88
Asyut,84
Cairo,78
Port Said,77
El Mansura,74
Giza,74
Sohag,72
Qina,64
Alexandria,60
Suez,59
Dumyat,59
Tanta,46

Top cities for 2012
City,2012
Ad Duqqi,100
Asyut,86
Cairo,85
Az Zagazig,83
Sohag,76
Qina,76
Dumyat,73
Ismailia,72
Giza,71
Port Said,67
Alexandria,66
Suez,64
Tanta,45
El Mansura,43

Top cities for 2011
City,2011
Tanta,100
El Mansura,94
Banha,89
Az Zagazig,80
Cairo,71
Port Said,69
Ismailia,67
Qina,65
Alexandria,64
Suez,63
Sohag,60
Asyut,58
Dumyat,53
Giza,38
Ad Duqqi,32

Top cities for 2010
City,2010
Alexandria,100
Cairo,82
El Mansura,71
Tanta,60
Az Zagazig,56
Giza,54

Top cities for 2009
City,2009
Alexandria,100
Cairo,73
Giza,42



Top searches for 2013
العاب 2013,100
صور 2013,80
pes 2013,55
اغانى 2013,35
العاب بنات 2013,25
مهرجانات 2013,25
مهرجانات,25
شعبى 2013,20
سيارات 2013,20
بيس 2013,20
مهرجان 2013,15
اغانى شعبى 2013,15
اغانى شعبى,15
العاب طبخ 2013,15
غرف نوم 2013,15
العاب فلاش 2013,10
تحميل pes 2013,10
fifa 2013,10
توقعات 2013,10
نيسان 2013,10
اسماء بنات 2013,10
اسماء بنات,10
اوكا واورتيجا 2013,10
ستائر 2013,10
pes 2013 myegy,10
العاب سيارات 2013,10
office 2013,10
تحميل بيس 2013,10
نكت 2013,10
فساتين زفاف 2013,5
الابراج 2013,5
دهانات 2013,5
العاب بن تن,5
اسعار السيارات,5
انتريهات 2013,5
ازياء شتاء 2013,5
pes 2013 patch,5
لعبة بيس 2013,5
نيسان صنى 2013,5
العاب اكشن 2013,5


Top searches for 2012
نتيجة,100
العاب 2012,70
العاب,70
اغانى,40
download,35
وزارة التربية والتعليم,30
myegy,30
تنسيق 2012,30
تنسيق,30
نتيجة الاعدادية 2012,25
العاب بنات,20
العاب بنات 2012,20
فيلم 2012,20
نتيجة الشهادة الاعدادية,20
افلام 2012,20
نتيجة الثانوية العامة,20
اليوم السابع,20
يوتيوب,20
رمضان 2012,15
شعبى 2012,15
العاب تلبيس,15
pes 2012,15
فيس,15
ماى ايجى,15
فيس بوك,15
اغانى شعبى 2012,10
اغانى شعبى,10
مهرجان 2012,10
العاب تلبيس بنات,10
اغاني 2012,10
اغاني,10
العاب طبخ 2012,10
مصراوى,10
العاب طبخ,10
google,10
سمعنا,10
نتائج الامتحانات,10
مهرجانات 2012,10
اليسا 2012,10
نكت,10
نتيجة الشهادة الابتدائية,10
نكت 2012,10
الفيس بوك,10
مصراوى نتيجة,5
جوجل,5
wwe,5
شيرين 2012,5
yahoo,5
العاب جديدة 2012,5
mazika2day,5


Top searches for 2011
العاب,100
العاب 2011,100
اغانى,45
download,35
myegy,30
وزارة التربية والتعليم,30
العاب بنات 2011,30
العاب بنات,25
افلام,25
افلام 2011,25
تنسيق 2011,25
تنسيق,25
نتيجة الثانوية العامة,20
العاب تلبيس,20
pes 2011,20
نتيجة الاعدادية 2011,20
شعبى 2011,20
يوتيوب,15
رمضان 2011,15
العاب تلبيس بنات,15
اليوم السابع,15
نتيجة الشهادة الاعدادية,15
ماى ايجى,15
اغانى شعبى 2011,15
اغانى شعبى,15
العاب طبخ 2011,15
games,15
نكت,15
العاب طبخ,15
نكت 2011,15
اغاني,15
اغاني 2011,15
games 2011,15
انتخابات 2011,10
مصراوى,10
سمعنا,10
رسائل 2011,10
youtube,10
تامر حسنى 2011,10
عمرو دياب,10
عمرو دياب 2011,10
الاهلى,10
تحميل العاب,10
تنسيق الثانوية العامة,10
اللجنة العليا للانتخابات,10
العاب جديدة 2011,10
العاب فلاش 2011,10
العاب فلاش,10
الفيس بوك,10
وائل جسار 2011,10


Top searches for 2010
العاب,100
العاب 2010,95
download,50
صور,35
myegy,30
افلام,30
pes 2010,25
كاس العالم 2010,25
العاب بنات,25
العاب بنات 2010,25
شعبى 2010,25
وزارة التربية والتعليم,20
اغانى شعبى 2010,20
اغانى شعبى,20
رمضان 2010,15
office 2010,15
العاب تلبيس 2010,15
العاب تلبيس,15
ماى ايجى,15
games 2010,15
games,15
العاب طبخ,15
العاب طبخ 2010,15
نتيجة الاعدادية 2010,15
تامر حسني,10
تامر حسني 2010,10
اليسا 2010,10
fifa 2010,10
العاب بنات تلبيس,10
الاهلى,10
نكت 2010,10
نتيجة الشهادة الاعدادية,10
نكت,10
سمعنا,10
العاب جديدة 2010,10
تحميل العاب,10
فيفا 2010,10
الدورى المصرى 2010,10
العاب فلاش 2010,10
mazika2day,10
العاب فلاش,10
نتيجة الشهادة الابتدائية,10
العاب سيارات,10
عمرو دياب 2010,10
العاب سيارات 2010,10
كورة,10
اغاني mp3,10
مسلسلات رمضان 2010,10
نتائج الامتحانات,5
محمد فؤاد 2010,5


Top searches for 2009
نتيجة,100
العاب 2009,80
اغانى,60
عمرو دياب,35
عمرو دياب 2009,35
اغاني,35
نتيجة الاعدادية,30
نتيجة الاعدادية 2009,30
الشهادة الاعدادية 2009,25
شعبى 2009,25
pes 2009,25
نتيجة الشهادة الاعدادية,25
وزارة التربية والتعليم,20
اغانى شعبى,20
اغانى شعبى 2009,20
نتيجة الثانوية العامة,20
العاب بنات,20
العاب بنات 2009,20
سيارات 2009,15
فيفا 2009,15
antivirus 2009,15
رمضان 2009,15
kaspersky,15
kaspersky 2009,15
العاب جديدة 2009,15
تامر حسني,15
تامر حسني 2009,15
فساتين 2009,10
كاسبر 2009,10
fifa 2009,10
تحميل العاب,10
العاب تلبيس,10
اغاني mp3,10
العاب سيارات,10
العاب سيارات 2009,10
الشهادة الابتدائية 2009,10
نكت 2009,10
تحميل افلام,10
يلا كورة 2009,10
ازياء 2009,10
يلا كورة,10
افلام عربى,10
الابراج,10
افلام عربى 2009,10
الابراج 2009,10
نتيجة الشهادة الابتدائية,10
تنسيق الثانوية العامة,10
اغانى عمرو دياب,5
مسلسلات رمضان 2009,5
avira,5



Rising searches for 2013
pes 2013,Breakout
اغانى 2013,Breakout
العاب 2013,Breakout
العاب بنات 2013,Breakout
صور 2013,Breakout
مهرجانات,Breakout
مهرجانات 2013,Breakout


Rising searches for 2012
download,Breakout
myegy,Breakout
اغانى,Breakout
العاب,Breakout
العاب 2012,Breakout
العاب بنات,Breakout
العاب بنات 2012,Breakout
تنسيق,Breakout
تنسيق 2012,Breakout
فيلم 2012,Breakout


Rising searches for 2011
download,Breakout
myegy,Breakout
اغانى,Breakout
افلام,Breakout
افلام 2011,Breakout
العاب,Breakout
العاب 2011,Breakout
العاب بنات,Breakout
العاب بنات 2011,Breakout
تنسيق,Breakout


Rising searches for 2010
download,Breakout
myegy,Breakout
pes 2010,Breakout
اغانى شعبى,Breakout
اغانى شعبى 2010,Breakout
افلام,Breakout
العاب,Breakout
العاب 2010,Breakout
العاب بنات,Breakout
العاب بنات 2010,Breakout


Rising searches for 2009
pes 2009,Breakout
اغانى,Breakout
اغاني,Breakout
الشهادة الاعدادية 2009,Breakout
العاب 2009,Breakout
شعبى 2009,Breakout
عمرو دياب,Breakout
عمرو دياب 2009,Breakout
نتيجة,Breakout
نتيجة الاعدادية,Breakout



