Web Search Interest: 2013; 2012; 2011; 2010; 2009
Hungary; 2004 - present

Interest over time
Week,2013,2012,2011,2010,2009
2004-01-04 - 2004-01-10,0,0,0,0,0
2004-01-11 - 2004-01-17,0,0,0,0,0
2004-01-18 - 2004-01-24,0,0,0,0,0
2004-01-25 - 2004-01-31,0,0,0,0,0
2004-02-01 - 2004-02-07,0,0,0,0,0
2004-02-08 - 2004-02-14,0,0,0,0,0
2004-02-15 - 2004-02-21,0,0,0,0,0
2004-02-22 - 2004-02-28,0,0,0,0,0
2004-02-29 - 2004-03-06,0,0,0,0,0
2004-03-07 - 2004-03-13,0,0,0,0,0
2004-03-14 - 2004-03-20,0,0,0,0,0
2004-03-21 - 2004-03-27,0,0,0,0,0
2004-03-28 - 2004-04-03,0,0,0,0,0
2004-04-04 - 2004-04-10,0,0,0,0,0
2004-04-11 - 2004-04-17,0,0,0,0,0
2004-04-18 - 2004-04-24,0,0,0,0,0
2004-04-25 - 2004-05-01,0,0,0,0,0
2004-05-02 - 2004-05-08,0,0,0,0,0
2004-05-09 - 2004-05-15,0,0,0,0,0
2004-05-16 - 2004-05-22,0,0,0,0,0
2004-05-23 - 2004-05-29,0,0,0,0,0
2004-05-30 - 2004-06-05,0,0,0,0,0
2004-06-06 - 2004-06-12,0,0,0,0,0
2004-06-13 - 2004-06-19,0,0,0,0,0
2004-06-20 - 2004-06-26,0,0,0,0,0
2004-06-27 - 2004-07-03,0,0,0,0,0
2004-07-04 - 2004-07-10,0,0,0,0,0
2004-07-11 - 2004-07-17,0,0,0,0,0
2004-07-18 - 2004-07-24,0,0,0,0,0
2004-07-25 - 2004-07-31,0,0,0,0,0
2004-08-01 - 2004-08-07,0,0,0,0,0
2004-08-08 - 2004-08-14,0,0,0,0,0
2004-08-15 - 2004-08-21,0,0,0,0,0
2004-08-22 - 2004-08-28,0,0,0,0,0
2004-08-29 - 2004-09-04,0,0,0,0,0
2004-09-05 - 2004-09-11,0,0,0,0,0
2004-09-12 - 2004-09-18,0,0,0,0,0
2004-09-19 - 2004-09-25,0,0,0,0,0
2004-09-26 - 2004-10-02,0,0,0,0,0
2004-10-03 - 2004-10-09,0,0,0,0,0
2004-10-10 - 2004-10-16,0,0,0,0,0
2004-10-17 - 2004-10-23,0,0,0,0,0
2004-10-24 - 2004-10-30,0,0,0,0,0
2004-10-31 - 2004-11-06,0,0,0,0,0
2004-11-07 - 2004-11-13,0,0,0,0,0
2004-11-14 - 2004-11-20,0,0,0,0,0
2004-11-21 - 2004-11-27,0,0,0,0,0
2004-11-28 - 2004-12-04,0,0,0,0,0
2004-12-05 - 2004-12-11,0,0,0,0,0
2004-12-12 - 2004-12-18,0,0,0,0,0
2004-12-19 - 2004-12-25,0,0,0,0,0
2004-12-26 - 2005-01-01,0,0,0,0,0
2005-01-02 - 2005-01-08,0,0,0,0,0
2005-01-09 - 2005-01-15,0,0,0,0,0
2005-01-16 - 2005-01-22,0,0,0,0,0
2005-01-23 - 2005-01-29,0,0,0,0,0
2005-01-30 - 2005-02-05,0,0,0,0,0
2005-02-06 - 2005-02-12,0,0,0,0,0
2005-02-13 - 2005-02-19,0,0,0,0,0
2005-02-20 - 2005-02-26,0,0,0,0,0
2005-02-27 - 2005-03-05,0,0,0,0,0
2005-03-06 - 2005-03-12,0,0,0,0,0
2005-03-13 - 2005-03-19,0,0,0,0,0
2005-03-20 - 2005-03-26,0,0,0,0,0
2005-03-27 - 2005-04-02,0,0,0,0,0
2005-04-03 - 2005-04-09,0,0,0,0,0
2005-04-10 - 2005-04-16,0,0,0,0,0
2005-04-17 - 2005-04-23,0,0,0,0,0
2005-04-24 - 2005-04-30,0,0,0,0,0
2005-05-01 - 2005-05-07,0,0,0,0,0
2005-05-08 - 2005-05-14,0,0,0,0,0
2005-05-15 - 2005-05-21,0,0,0,0,0
2005-05-22 - 2005-05-28,0,0,0,0,0
2005-05-29 - 2005-06-04,0,0,0,0,0
2005-06-05 - 2005-06-11,0,0,0,0,0
2005-06-12 - 2005-06-18,0,0,0,0,0
2005-06-19 - 2005-06-25,0,0,0,0,0
2005-06-26 - 2005-07-02,0,0,0,0,0
2005-07-03 - 2005-07-09,0,0,0,0,0
2005-07-10 - 2005-07-16,0,0,0,0,0
2005-07-17 - 2005-07-23,0,0,0,0,0
2005-07-24 - 2005-07-30,0,0,0,0,0
2005-07-31 - 2005-08-06,0,0,0,0,0
2005-08-07 - 2005-08-13,0,0,0,0,0
2005-08-14 - 2005-08-20,0,0,0,0,0
2005-08-21 - 2005-08-27,0,0,0,0,0
2005-08-28 - 2005-09-03,0,0,0,0,0
2005-09-04 - 2005-09-10,0,0,0,0,0
2005-09-11 - 2005-09-17,0,0,0,0,0
2005-09-18 - 2005-09-24,0,0,0,0,0
2005-09-25 - 2005-10-01,0,0,0,0,0
2005-10-02 - 2005-10-08,0,0,0,0,0
2005-10-09 - 2005-10-15,0,0,0,0,0
2005-10-16 - 2005-10-22,0,0,0,0,0
2005-10-23 - 2005-10-29,0,0,0,0,0
2005-10-30 - 2005-11-05,0,0,0,0,0
2005-11-06 - 2005-11-12,0,0,0,0,0
2005-11-13 - 2005-11-19,0,0,0,0,0
2005-11-20 - 2005-11-26,0,0,0,0,0
2005-11-27 - 2005-12-03,0,0,0,0,0
2005-12-04 - 2005-12-10,0,0,0,0,0
2005-12-11 - 2005-12-17,0,0,0,0,0
2005-12-18 - 2005-12-24,0,0,0,0,0
2005-12-25 - 2005-12-31,0,0,0,0,0
2006-01-01 - 2006-01-07,0,0,0,0,0
2006-01-08 - 2006-01-14,0,0,0,0,0
2006-01-15 - 2006-01-21,0,0,0,0,0
2006-01-22 - 2006-01-28,0,0,0,0,0
2006-01-29 - 2006-02-04,0,0,0,0,0
2006-02-05 - 2006-02-11,0,0,0,0,0
2006-02-12 - 2006-02-18,0,0,0,0,0
2006-02-19 - 2006-02-25,0,0,0,0,0
2006-02-26 - 2006-03-04,0,0,0,0,0
2006-03-05 - 2006-03-11,0,0,0,0,0
2006-03-12 - 2006-03-18,0,0,0,0,0
2006-03-19 - 2006-03-25,0,0,0,0,0
2006-03-26 - 2006-04-01,0,0,0,0,0
2006-04-02 - 2006-04-08,0,0,0,0,0
2006-04-09 - 2006-04-15,0,0,0,0,0
2006-04-16 - 2006-04-22,0,0,0,0,0
2006-04-23 - 2006-04-29,0,0,0,0,0
2006-04-30 - 2006-05-06,0,0,0,0,0
2006-05-07 - 2006-05-13,0,0,0,0,0
2006-05-14 - 2006-05-20,0,0,0,0,0
2006-05-21 - 2006-05-27,0,0,0,0,0
2006-05-28 - 2006-06-03,0,0,0,0,0
2006-06-04 - 2006-06-10,0,0,0,0,0
2006-06-11 - 2006-06-17,0,0,0,0,0
2006-06-18 - 2006-06-24,0,0,0,0,0
2006-06-25 - 2006-07-01,0,0,0,0,0
2006-07-02 - 2006-07-08,0,0,0,0,0
2006-07-09 - 2006-07-15,0,0,0,0,0
2006-07-16 - 2006-07-22,0,0,0,0,0
2006-07-23 - 2006-07-29,0,0,0,0,0
2006-07-30 - 2006-08-05,0,0,0,0,0
2006-08-06 - 2006-08-12,0,0,0,0,0
2006-08-13 - 2006-08-19,0,0,0,0,0
2006-08-20 - 2006-08-26,0,0,0,0,0
2006-08-27 - 2006-09-02,0,0,0,0,0
2006-09-03 - 2006-09-09,0,0,0,0,0
2006-09-10 - 2006-09-16,0,0,0,0,0
2006-09-17 - 2006-09-23,0,0,0,0,0
2006-09-24 - 2006-09-30,0,0,0,0,0
2006-10-01 - 2006-10-07,0,0,0,0,0
2006-10-08 - 2006-10-14,0,0,0,0,0
2006-10-15 - 2006-10-21,0,0,0,0,0
2006-10-22 - 2006-10-28,0,0,0,0,0
2006-10-29 - 2006-11-04,0,0,0,0,0
2006-11-05 - 2006-11-11,0,0,0,0,0
2006-11-12 - 2006-11-18,0,0,0,0,0
2006-11-19 - 2006-11-25,0,0,0,0,0
2006-11-26 - 2006-12-02,0,0,0,0,0
2006-12-03 - 2006-12-09,0,0,0,0,0
2006-12-10 - 2006-12-16,0,0,0,0,0
2006-12-17 - 2006-12-23,0,0,0,0,0
2006-12-24 - 2006-12-30,0,0,0,0,0
2006-12-31 - 2007-01-06,0,0,0,0,0
2007-01-07 - 2007-01-13,0,0,0,0,0
2007-01-14 - 2007-01-20,0,0,0,0,0
2007-01-21 - 2007-01-27,0,0,0,0,0
2007-01-28 - 2007-02-03,0,0,0,0,0
2007-02-04 - 2007-02-10,0,0,0,0,0
2007-02-11 - 2007-02-17,0,0,0,0,0
2007-02-18 - 2007-02-24,0,0,0,0,0
2007-02-25 - 2007-03-03,0,0,0,0,0
2007-03-04 - 2007-03-10,0,0,0,0,0
2007-03-11 - 2007-03-17,0,0,0,0,0
2007-03-18 - 2007-03-24,0,0,0,0,0
2007-03-25 - 2007-03-31,0,0,0,0,0
2007-04-01 - 2007-04-07,0,0,0,0,0
2007-04-08 - 2007-04-14,0,0,0,0,0
2007-04-15 - 2007-04-21,0,2,0,0,0
2007-04-22 - 2007-04-28,0,0,0,0,0
2007-04-29 - 2007-05-05,0,0,0,0,0
2007-05-06 - 2007-05-12,0,0,0,0,0
2007-05-13 - 2007-05-19,0,0,0,0,0
2007-05-20 - 2007-05-26,0,0,0,0,0
2007-05-27 - 2007-06-02,0,0,0,0,0
2007-06-03 - 2007-06-09,0,0,0,0,0
2007-06-10 - 2007-06-16,0,0,0,0,0
2007-06-17 - 2007-06-23,0,0,0,0,0
2007-06-24 - 2007-06-30,0,0,0,0,0
2007-07-01 - 2007-07-07,0,0,0,0,0
2007-07-08 - 2007-07-14,0,0,0,0,0
2007-07-15 - 2007-07-21,0,0,0,0,0
2007-07-22 - 2007-07-28,0,0,0,0,0
2007-07-29 - 2007-08-04,0,0,0,0,0
2007-08-05 - 2007-08-11,0,0,0,0,0
2007-08-12 - 2007-08-18,0,0,0,0,0
2007-08-19 - 2007-08-25,0,0,0,0,0
2007-08-26 - 2007-09-01,0,0,0,0,0
2007-09-02 - 2007-09-08,0,0,0,0,0
2007-09-09 - 2007-09-15,0,0,0,0,0
2007-09-16 - 2007-09-22,0,0,0,0,0
2007-09-23 - 2007-09-29,0,0,0,0,0
2007-09-30 - 2007-10-06,0,0,0,0,0
2007-10-07 - 2007-10-13,0,0,0,0,0
2007-10-14 - 2007-10-20,0,0,0,0,0
2007-10-21 - 2007-10-27,0,0,0,0,0
2007-10-28 - 2007-11-03,0,0,0,0,0
2007-11-04 - 2007-11-10,0,0,0,0,0
2007-11-11 - 2007-11-17,0,0,0,0,0
2007-11-18 - 2007-11-24,0,0,0,0,0
2007-11-25 - 2007-12-01,0,0,0,0,0
2007-12-02 - 2007-12-08,0,0,0,0,0
2007-12-09 - 2007-12-15,0,0,0,0,0
2007-12-16 - 2007-12-22,0,0,0,0,0
2007-12-23 - 2007-12-29,0,0,0,0,0
2007-12-30 - 2008-01-05,0,0,0,0,0
2008-01-06 - 2008-01-12,0,0,0,0,0
2008-01-13 - 2008-01-19,0,0,0,0,0
2008-01-20 - 2008-01-26,0,0,0,0,0
2008-01-27 - 2008-02-02,0,0,0,0,0
2008-02-03 - 2008-02-09,0,0,0,0,0
2008-02-10 - 2008-02-16,0,0,0,0,0
2008-02-17 - 2008-02-23,0,0,0,0,0
2008-02-24 - 2008-03-01,0,0,0,0,0
2008-03-02 - 2008-03-08,0,0,0,0,0
2008-03-09 - 2008-03-15,0,0,0,0,0
2008-03-16 - 2008-03-22,0,0,0,0,0
2008-03-23 - 2008-03-29,0,0,0,0,1
2008-03-30 - 2008-04-05,0,0,0,0,0
2008-04-06 - 2008-04-12,0,0,0,0,0
2008-04-13 - 2008-04-19,0,0,0,0,0
2008-04-20 - 2008-04-26,0,0,0,0,1
2008-04-27 - 2008-05-03,0,0,0,0,0
2008-05-04 - 2008-05-10,0,0,0,0,0
2008-05-11 - 2008-05-17,0,0,0,0,1
2008-05-18 - 2008-05-24,0,0,0,0,1
2008-05-25 - 2008-05-31,0,0,0,0,1
2008-06-01 - 2008-06-07,0,0,0,0,1
2008-06-08 - 2008-06-14,0,0,0,0,1
2008-06-15 - 2008-06-21,0,0,0,0,1
2008-06-22 - 2008-06-28,0,0,0,0,1
2008-06-29 - 2008-07-05,0,0,0,0,1
2008-07-06 - 2008-07-12,0,0,0,0,1
2008-07-13 - 2008-07-19,0,0,0,0,1
2008-07-20 - 2008-07-26,0,0,0,0,1
2008-07-27 - 2008-08-02,0,0,0,0,2
2008-08-03 - 2008-08-09,0,0,0,0,2
2008-08-10 - 2008-08-16,0,0,0,0,2
2008-08-17 - 2008-08-23,0,0,0,0,2
2008-08-24 - 2008-08-30,0,0,0,0,3
2008-08-31 - 2008-09-06,0,0,0,0,3
2008-09-07 - 2008-09-13,0,0,0,0,3
2008-09-14 - 2008-09-20,0,0,0,0,3
2008-09-21 - 2008-09-27,0,0,0,0,3
2008-09-28 - 2008-10-04,0,0,0,0,4
2008-10-05 - 2008-10-11,0,0,0,0,4
2008-10-12 - 2008-10-18,0,0,0,1,5
2008-10-19 - 2008-10-25,0,0,0,0,5
2008-10-26 - 2008-11-01,0,0,0,0,7
2008-11-02 - 2008-11-08,0,0,0,0,6
2008-11-09 - 2008-11-15,0,0,0,0,6
2008-11-16 - 2008-11-22,0,0,0,0,7
2008-11-23 - 2008-11-29,0,0,0,0,8
2008-11-30 - 2008-12-06,0,0,0,0,11
2008-12-07 - 2008-12-13,0,0,0,0,11
2008-12-14 - 2008-12-20,0,0,0,0,16
2008-12-21 - 2008-12-27,0,0,0,0,16
2008-12-28 - 2009-01-03,0,0,0,0,29
2009-01-04 - 2009-01-10,0,0,0,0,36
2009-01-11 - 2009-01-17,0,0,0,0,31
2009-01-18 - 2009-01-24,0,0,0,0,33
2009-01-25 - 2009-01-31,0,0,0,0,32
2009-02-01 - 2009-02-07,0,0,0,0,30
2009-02-08 - 2009-02-14,0,0,0,0,29
2009-02-15 - 2009-02-21,0,0,0,0,28
2009-02-22 - 2009-02-28,0,0,0,0,36
2009-03-01 - 2009-03-07,0,0,0,0,32
2009-03-08 - 2009-03-14,0,0,0,0,33
2009-03-15 - 2009-03-21,0,0,0,1,34
2009-03-22 - 2009-03-28,0,0,0,1,35
2009-03-29 - 2009-04-04,0,0,0,2,37
2009-04-05 - 2009-04-11,0,0,0,1,38
2009-04-12 - 2009-04-18,0,0,0,1,35
2009-04-19 - 2009-04-25,0,0,0,1,39
2009-04-26 - 2009-05-02,0,0,0,1,40
2009-05-03 - 2009-05-09,0,0,0,1,61
2009-05-10 - 2009-05-16,0,0,0,1,47
2009-05-17 - 2009-05-23,0,0,0,1,51
2009-05-24 - 2009-05-30,0,0,0,1,49
2009-05-31 - 2009-06-06,0,0,0,2,50
2009-06-07 - 2009-06-13,0,0,0,2,47
2009-06-14 - 2009-06-20,0,1,0,1,44
2009-06-21 - 2009-06-27,0,1,0,2,45
2009-06-28 - 2009-07-04,0,1,0,2,46
2009-07-05 - 2009-07-11,0,1,0,2,44
2009-07-12 - 2009-07-18,0,0,0,2,42
2009-07-19 - 2009-07-25,0,1,0,2,50
2009-07-26 - 2009-08-01,0,1,0,2,45
2009-08-02 - 2009-08-08,0,1,0,2,43
2009-08-09 - 2009-08-15,0,1,0,2,44
2009-08-16 - 2009-08-22,0,1,0,3,54
2009-08-23 - 2009-08-29,0,1,0,3,43
2009-08-30 - 2009-09-05,0,1,0,4,43
2009-09-06 - 2009-09-12,0,0,0,5,43
2009-09-13 - 2009-09-19,0,1,0,4,45
2009-09-20 - 2009-09-26,0,1,0,5,43
2009-09-27 - 2009-10-03,0,1,0,6,42
2009-10-04 - 2009-10-10,0,1,0,6,41
2009-10-11 - 2009-10-17,0,1,0,7,40
2009-10-18 - 2009-10-24,0,1,0,8,45
2009-10-25 - 2009-10-31,0,1,0,9,42
2009-11-01 - 2009-11-07,0,2,0,10,43
2009-11-08 - 2009-11-14,0,5,0,10,42
2009-11-15 - 2009-11-21,0,4,0,12,40
2009-11-22 - 2009-11-28,0,2,0,12,43
2009-11-29 - 2009-12-05,0,2,0,14,41
2009-12-06 - 2009-12-12,0,2,0,16,41
2009-12-13 - 2009-12-19,0,1,0,18,39
2009-12-20 - 2009-12-26,0,1,0,17,39
2009-12-27 - 2010-01-02,0,2,0,34,40
2010-01-03 - 2010-01-09,0,1,0,53,30
2010-01-10 - 2010-01-16,0,1,0,51,25
2010-01-17 - 2010-01-23,0,1,0,50,24
2010-01-24 - 2010-01-30,0,1,0,52,22
2010-01-31 - 2010-02-06,0,1,0,56,21
2010-02-07 - 2010-02-13,0,1,0,56,20
2010-02-14 - 2010-02-20,0,1,0,57,17
2010-02-21 - 2010-02-27,0,1,0,51,16
2010-02-28 - 2010-03-06,0,1,0,55,15
2010-03-07 - 2010-03-13,0,1,0,58,14
2010-03-14 - 2010-03-20,0,1,0,59,13
2010-03-21 - 2010-03-27,0,1,0,62,13
2010-03-28 - 2010-04-03,0,1,0,58,12
2010-04-04 - 2010-04-10,0,1,1,58,12
2010-04-11 - 2010-04-17,0,1,0,87,11
2010-04-18 - 2010-04-24,0,1,1,63,11
2010-04-25 - 2010-05-01,0,1,1,69,11
2010-05-02 - 2010-05-08,0,1,1,82,13
2010-05-09 - 2010-05-15,0,1,1,70,11
2010-05-16 - 2010-05-22,0,1,1,68,11
2010-05-23 - 2010-05-29,0,1,1,72,10
2010-05-30 - 2010-06-05,0,1,1,71,9
2010-06-06 - 2010-06-12,0,1,1,84,7
2010-06-13 - 2010-06-19,0,1,1,90,7
2010-06-20 - 2010-06-26,0,1,1,83,7
2010-06-27 - 2010-07-03,0,1,1,81,6
2010-07-04 - 2010-07-10,0,1,1,79,6
2010-07-11 - 2010-07-17,0,1,2,78,6
2010-07-18 - 2010-07-24,0,1,2,73,6
2010-07-25 - 2010-07-31,0,1,2,67,6
2010-08-01 - 2010-08-07,0,1,2,69,5
2010-08-08 - 2010-08-14,0,1,3,72,5
2010-08-15 - 2010-08-21,0,1,3,75,5
2010-08-22 - 2010-08-28,0,1,4,66,5
2010-08-29 - 2010-09-04,0,1,4,67,4
2010-09-05 - 2010-09-11,0,1,5,67,4
2010-09-12 - 2010-09-18,0,1,5,61,4
2010-09-19 - 2010-09-25,0,1,5,61,4
2010-09-26 - 2010-10-02,0,0,6,57,5
2010-10-03 - 2010-10-09,0,1,7,85,4
2010-10-10 - 2010-10-16,0,1,8,52,4
2010-10-17 - 2010-10-23,0,1,15,57,4
2010-10-24 - 2010-10-30,0,1,14,56,4
2010-10-31 - 2010-11-06,0,1,19,52,4
2010-11-07 - 2010-11-13,0,1,15,51,4
2010-11-14 - 2010-11-20,0,1,18,51,4
2010-11-21 - 2010-11-27,0,1,16,49,4
2010-11-28 - 2010-12-04,0,1,16,48,3
2010-12-05 - 2010-12-11,0,0,16,47,3
2010-12-12 - 2010-12-18,0,1,17,44,3
2010-12-19 - 2010-12-25,0,1,19,44,4
2010-12-26 - 2011-01-01,0,1,35,43,4
2011-01-02 - 2011-01-08,0,1,57,32,3
2011-01-09 - 2011-01-15,0,1,53,27,3
2011-01-16 - 2011-01-22,0,1,54,24,4
2011-01-23 - 2011-01-29,0,1,53,23,3
2011-01-30 - 2011-02-05,0,1,54,22,3
2011-02-06 - 2011-02-12,0,1,56,20,3
2011-02-13 - 2011-02-19,0,1,56,17,3
2011-02-20 - 2011-02-26,0,1,57,16,3
2011-02-27 - 2011-03-05,0,1,64,14,2
2011-03-06 - 2011-03-12,0,1,62,13,3
2011-03-13 - 2011-03-19,0,1,64,13,3
2011-03-20 - 2011-03-26,0,1,65,12,3
2011-03-27 - 2011-04-02,0,2,64,11,3
2011-04-03 - 2011-04-09,0,1,65,11,2
2011-04-10 - 2011-04-16,0,1,66,11,3
2011-04-17 - 2011-04-23,0,1,65,11,3
2011-04-24 - 2011-04-30,0,1,72,11,3
2011-05-01 - 2011-05-07,0,1,91,13,3
2011-05-08 - 2011-05-14,0,1,82,11,3
2011-05-15 - 2011-05-21,0,1,80,11,2
2011-05-22 - 2011-05-28,0,1,73,9,2
2011-05-29 - 2011-06-04,0,2,75,9,2
2011-06-05 - 2011-06-11,0,2,77,7,2
2011-06-12 - 2011-06-18,0,2,80,7,2
2011-06-19 - 2011-06-25,0,2,81,7,2
2011-06-26 - 2011-07-02,0,2,79,7,2
2011-07-03 - 2011-07-09,0,2,78,6,2
2011-07-10 - 2011-07-16,0,2,79,6,2
2011-07-17 - 2011-07-23,0,2,77,7,2
2011-07-24 - 2011-07-30,0,3,72,7,2
2011-07-31 - 2011-08-06,0,3,69,6,2
2011-08-07 - 2011-08-13,0,3,75,6,2
2011-08-14 - 2011-08-20,0,3,82,6,2
2011-08-21 - 2011-08-27,0,4,71,5,2
2011-08-28 - 2011-09-03,0,5,73,6,2
2011-09-04 - 2011-09-10,0,5,72,5,2
2011-09-11 - 2011-09-17,0,5,67,5,2
2011-09-18 - 2011-09-24,0,7,65,6,2
2011-09-25 - 2011-10-01,0,7,66,6,2
2011-10-02 - 2011-10-08,0,7,67,5,2
2011-10-09 - 2011-10-15,0,8,61,6,2
2011-10-16 - 2011-10-22,0,10,56,6,2
2011-10-23 - 2011-10-29,0,10,55,5,2
2011-10-30 - 2011-11-05,0,11,50,6,2
2011-11-06 - 2011-11-12,0,11,49,5,2
2011-11-13 - 2011-11-19,0,13,47,5,2
2011-11-20 - 2011-11-26,0,15,47,5,2
2011-11-27 - 2011-12-03,0,16,47,5,2
2011-12-04 - 2011-12-10,0,17,44,5,2
2011-12-11 - 2011-12-17,0,19,40,5,2
2011-12-18 - 2011-12-24,0,18,38,4,2
2011-12-25 - 2011-12-31,0,30,43,5,2
2012-01-01 - 2012-01-07,0,61,32,5,2
2012-01-08 - 2012-01-14,0,51,27,5,2
2012-01-15 - 2012-01-21,0,58,24,5,2
2012-01-22 - 2012-01-28,0,56,22,5,2
2012-01-29 - 2012-02-04,0,56,19,4,2
2012-02-05 - 2012-02-11,0,59,17,4,2
2012-02-12 - 2012-02-18,0,57,16,4,2
2012-02-19 - 2012-02-25,0,57,16,4,2
2012-02-26 - 2012-03-03,0,63,14,4,2
2012-03-04 - 2012-03-10,0,60,13,4,2
2012-03-11 - 2012-03-17,0,63,12,4,2
2012-03-18 - 2012-03-24,0,67,11,4,2
2012-03-25 - 2012-03-31,1,65,11,4,2
2012-04-01 - 2012-04-07,1,63,10,4,2
2012-04-08 - 2012-04-14,1,64,10,4,2
2012-04-15 - 2012-04-21,1,67,10,4,2
2012-04-22 - 2012-04-28,1,70,9,4,2
2012-04-29 - 2012-05-05,1,72,10,4,2
2012-05-06 - 2012-05-12,1,80,11,4,2
2012-05-13 - 2012-05-19,1,71,10,3,1
2012-05-20 - 2012-05-26,1,78,9,3,1
2012-05-27 - 2012-06-02,1,77,9,3,1
2012-06-03 - 2012-06-09,1,76,7,3,1
2012-06-10 - 2012-06-16,1,82,7,4,1
2012-06-17 - 2012-06-23,1,72,7,3,1
2012-06-24 - 2012-06-30,1,73,7,3,1
2012-07-01 - 2012-07-07,1,73,7,3,1
2012-07-08 - 2012-07-14,2,68,7,3,1
2012-07-15 - 2012-07-21,2,63,7,3,1
2012-07-22 - 2012-07-28,2,76,7,3,1
2012-07-29 - 2012-08-04,2,91,6,3,1
2012-08-05 - 2012-08-11,2,100,5,3,1
2012-08-12 - 2012-08-18,3,75,6,3,1
2012-08-19 - 2012-08-25,3,75,6,3,1
2012-08-26 - 2012-09-01,4,66,6,3,1
2012-09-02 - 2012-09-08,4,69,5,3,1
2012-09-09 - 2012-09-15,4,64,5,3,1
2012-09-16 - 2012-09-22,5,58,5,3,1
2012-09-23 - 2012-09-29,5,58,5,3,1
2012-09-30 - 2012-10-06,6,58,5,3,1
2012-10-07 - 2012-10-13,7,57,5,3,1
2012-10-14 - 2012-10-20,7,54,4,3,1
2012-10-21 - 2012-10-27,7,53,5,3,1
2012-10-28 - 2012-11-03,8,49,5,3,1
2012-11-04 - 2012-11-10,9,50,4,3,1
2012-11-11 - 2012-11-17,10,49,4,2,1
2012-11-18 - 2012-11-24,12,50,4,3,1
2012-11-25 - 2012-12-01,12,50,4,3,1
2012-12-02 - 2012-12-08,12,47,4,3,1
2012-12-09 - 2012-12-15,15,45,4,3,1
2012-12-16 - 2012-12-22,16,46,4,2,1
2012-12-23 - 2012-12-29,19,41,4,2,1
2012-12-30 - 2013-01-05,47,37,4,3,1
2013-01-06 - 2013-01-12,45,30,4,3,1
2013-01-13 - 2013-01-19, , , , , 
2013-01-20 - 2013-01-26, , , , , 
2013-01-27 - 2013-02-02, , , , , 


Top subregions for 2013
Subregion,2013,2012,2011,2010,2009
Szabolcs-Szatmár-Bereg,100,100,100,54,34
Komárom-Esztergom,87,82,78,47,35
Nógrád,80,69,72,68,66
Heves,78,72,63,58,54
Borsod-Abaúj-Zemplén,74,79,79,56,46
Vas,74,67,59,63,70
Gyõr-Moson-Sopron,73,65,59,55,53
Hajdû-Bihar,71,73,68,55,51
Zala,69,61,55,61,65
Somogy,68,56,59,65,65
Baranya,66,60,55,62,56
Fejér,65,62,56,56,56
Jász-Nagykun-Szolnok,64,51,50,60,64
Bács-Kiskun,62,67,63,56,49
Békés,59,52,58,53,61
Csongrád,58,51,44,62,70
Tolna,55,46,50,68,74
Budapest,54,64,57,100,100
Pest,50,55,32,69,79
Veszprém,45,48,53,64,70
Gyór,0,0,0,0,0

Top subregions for 2012
Subregion,2013,2012,2011,2010,2009
Szabolcs-Szatmár-Bereg,100,100,100,54,34
Komárom-Esztergom,87,82,78,47,35
Borsod-Abaúj-Zemplén,74,79,79,56,46
Hajdû-Bihar,71,73,68,55,51
Heves,78,72,63,58,54
Nógrád,80,69,72,68,66
Vas,74,67,59,63,70
Bács-Kiskun,62,67,63,56,49
Gyõr-Moson-Sopron,73,65,59,55,53
Budapest,54,64,57,100,100
Fejér,65,62,56,56,56
Zala,69,61,55,61,65
Baranya,66,60,55,62,56
Somogy,68,56,59,65,65
Pest,50,55,32,69,79
Békés,59,52,58,53,61
Csongrád,58,51,44,62,70
Jász-Nagykun-Szolnok,64,51,50,60,64
Veszprém,45,48,53,64,70
Tolna,55,46,50,68,74
Gyór,0,0,0,0,0

Top subregions for 2011
Subregion,2013,2012,2011,2010,2009
Szabolcs-Szatmár-Bereg,100,100,100,54,34
Borsod-Abaúj-Zemplén,74,79,79,56,46
Komárom-Esztergom,87,82,78,47,35
Nógrád,80,69,72,68,66
Hajdû-Bihar,71,73,68,55,51
Heves,78,72,63,58,54
Bács-Kiskun,62,67,63,56,49
Vas,74,67,59,63,70
Gyõr-Moson-Sopron,73,65,59,55,53
Somogy,68,56,59,65,65
Békés,59,52,58,53,61
Budapest,54,64,57,100,100
Fejér,65,62,56,56,56
Zala,69,61,55,61,65
Baranya,66,60,55,62,56
Veszprém,45,48,53,64,70
Jász-Nagykun-Szolnok,64,51,50,60,64
Tolna,55,46,50,68,74
Csongrád,58,51,44,62,70
Pest,50,55,32,69,79
Gyór,0,0,0,0,0

Top subregions for 2010
Subregion,2013,2012,2011,2010,2009
Budapest,54,64,57,100,100
Pest,50,55,32,69,79
Tolna,55,46,50,68,74
Nógrád,80,69,72,68,66
Somogy,68,56,59,65,65
Veszprém,45,48,53,64,70
Vas,74,67,59,63,70
Csongrád,58,51,44,62,70
Baranya,66,60,55,62,56
Zala,69,61,55,61,65
Jász-Nagykun-Szolnok,64,51,50,60,64
Heves,78,72,63,58,54
Fejér,65,62,56,56,56
Bács-Kiskun,62,67,63,56,49
Borsod-Abaúj-Zemplén,74,79,79,56,46
Gyõr-Moson-Sopron,73,65,59,55,53
Hajdû-Bihar,71,73,68,55,51
Szabolcs-Szatmár-Bereg,100,100,100,54,34
Békés,59,52,58,53,61
Komárom-Esztergom,87,82,78,47,35
Gyór,0,0,0,0,0

Top subregions for 2009
Subregion,2013,2012,2011,2010,2009
Budapest,54,64,57,100,100
Pest,50,55,32,69,79
Tolna,55,46,50,68,74
Veszprém,45,48,53,64,70
Csongrád,58,51,44,62,70
Vas,74,67,59,63,70
Nógrád,80,69,72,68,66
Zala,69,61,55,61,65
Somogy,68,56,59,65,65
Jász-Nagykun-Szolnok,64,51,50,60,64
Békés,59,52,58,53,61
Baranya,66,60,55,62,56
Fejér,65,62,56,56,56
Heves,78,72,63,58,54
Gyõr-Moson-Sopron,73,65,59,55,53
Hajdû-Bihar,71,73,68,55,51
Bács-Kiskun,62,67,63,56,49
Borsod-Abaúj-Zemplén,74,79,79,56,46
Komárom-Esztergom,87,82,78,47,35
Szabolcs-Szatmár-Bereg,100,100,100,54,34
Gyór,0,0,0,0,0


Top cities for 2013
City,2013
Tatabanya,100
Nyiregyhaza,77
Szigetszentmiklos,75
Zalaegerszeg,64
Gyor,64
Miskolc,58
Debrecen,57
Pecs,55
Szekesfehervar,55
Budapest,54
Szombathely,50
Szeged,49
Kecskemet,48
Szolnok,45
Veszprem,25

Top cities for 2012
City,2012
Nyiregyhaza,100
Szigetszentmiklos,86
Budapest,80
Miskolc,77
Sopron,76
Debrecen,76
Kecskemet,70
Zalaegerszeg,68
Pecs,65
Szekesfehervar,64
Gyor,63
Szombathely,56
Eger,56
Szeged,54
Szolnok,40

Top cities for 2011
City,2011
Nyiregyhaza,100
Tatabanya,94
Miskolc,71
Sopron,60
Budapest,60
Debrecen,60
Kecskemet,57
Dunaujvaros,55
Pecs,50
Zalaegerszeg,49
Szekesfehervar,48
Gyor,46
Eger,45
Szombathely,45
Bekescsaba,43

Top cities for 2010
City,2010
Budapest,100
Torokbalint,79
Szekszard,66
Szentendre,64
Veszprem,61
Szeged,55
Zalaegerszeg,52
Szolnok,52
Pecs,51
Miskolc,51
Kecskemet,50
Bekescsaba,49
Debrecen,49
Szekesfehervar,49
Gyor,47

Top cities for 2009
City,2009
Torokbalint,100
Budapest,93
Szentendre,91
Szekszard,79
Veszprem,70
Szeged,63
Bekescsaba,61
Szolnok,60
Zalaegerszeg,54
Szekesfehervar,48
Pecs,47
Gyor,46
Debrecen,43
Kecskemet,43
Miskolc,42



Top searches for 2013
naptár,100
naptár 2013,100
2013 bérkalkulátor,75
bérkalkulátor,70
2013 horoszkóp,50
farming simulator 2013,30
nyugdíj,30
nyugdíj 2013,25
bérkalkulátor 2012,25
minimálbér 2013,20
2013 húsvét,20
2013 filmek,15
munkaszüneti napok 2013,15
pes 2013,15
szilveszter 2013,15
naptár 2012,15
érettségi 2013,10
buék 2013,10
buék,10
office 2013,10
fifa 2013,10
kötelező biztosítás,10
kötelező biztosítás 2013,10
szabadság 2013,10
munkanapok 2013,10
nettó bér 2013,10
nyugdíjemelés 2013,10
munkarend 2013,10
avg 2013,10
közalkalmazotti bértábla,10
közalkalmazotti bértábla 2013,10
kínai horoszkóp 2013,10
ls 2013,10
depeche mode,10
avg,10
kínai horoszkóp,10
bursa 2013,10
minimálbér 2012,10
2013 időjárás előrejelzés,5
football manager 2013,5
ünnepnapok 2013,5
bursa hungarica,5
munkaszüneti napok 2012,5
családi pótlék,5
bursa hungarica 2013,5
cafeteria 2013,5
f1 2013,5
munkanap áthelyezés 2013,5
dakar 2013,5
éves horoszkóp 2013,5


Top searches for 2012
2012 filmek,100
filmek,100
olimpia 2012,95
olimpia,95
bérkalkulátor,85
2012 bérkalkulátor,85
eb 2012,80
naptár,75
2012 naptár,70
érettségi 2012,50
menetrend,50
horoszkóp 2012,40
horoszkóp,40
időjárás,40
minimálbér 2012,35
euro 2012,35
világvége,35
2012 világvége,35
london 2012,35
x faktor 2012,35
x faktor,35
f1 2012,30
f1,30
balaton sound 2012,25
nyugdíj 2012,25
eredmények,25
sziget 2012,25
hírek,25
2012 húsvét,20
csillag születik 2012,20
munka törvénykönyve 2012,20
csillag születik,20
munka törvénykönyve,20
forma 1,20
online filmek,20
2012 munkaszüneti napok,20
forma 1 2012,20
foci eb 2012,20
apeh,15
eurovision 2012,15
családi pótlék,15
családi pótlék 2012,15
port.hu,15
tv műsor,15
olimpia 2012 program,15
megasztár 2012,15
nav,15
m1,15
volán menetrend,15
pünkösd 2012,10


Top searches for 2011
filmek,100
2011 filmek,100
bérkalkulátor,70
2011 bérkalkulátor,70
érettségi 2011,50
menetrend,50
2011 naptár,50
naptár,45
2011 horoszkóp,35
horoszkóp,35
x faktor,30
x faktor 2011,30
időjárás,25
f1,25
f1 2011,25
volán,25
minimálbér 2011,20
msn 2011,20
msn,20
máv,20
sziget 2011,20
csillag születik 2011,20
volán menetrend 2011,20
balaton sound 2011,20
népszámlálás 2011,15
windows live messenger,15
ponthatárok 2011,15
máv menetrend,15
máv menetrend 2011,15
apeh,15
szja 2011,15
eurovision 2011,15
farming simulator 2011,15
online filmek,15
időjárás előrejelzés,15
msn letöltés,10
eurovíziós dalfesztivál 2011,10
forma 1 2011,10
családi pótlék,10
családi pótlék 2011,10
port.hu,10
adójóváírás 2011,10
húsvét 2011,10
mozifilmek 2011,10
kötelező biztosítás 2011,10
ls 2011,10
x-faktor 2011,10
óraátállítás 2011,10
magyar érettségi 2011,10
viccek 2011,10


Top searches for 2010
office 2010,100
vb 2010,95
2010 filmek,90
érettségi 2010,85
bérkalkulátor,75
2010 bérkalkulátor,75
választás 2010,75
választás,75
naptár 2010,65
naptár,65
f1 2010,60
msn,60
horoszkóp 2010,50
horoszkóp,50
windows live messenger,45
microsoft office 2010,40
fifa 2010,35
msn letöltés,35
2010 ponthatárok,35
sziget 2010,35
választások 2010,30
foci vb 2010,30
minimálbér 2010,30
world cup 2010,25
megasztár 2010,25
szja 2010,25
x faktor,25
x faktor 2010,25
választási eredmények 2010,25
hírek,20
apeh,20
máv menetrend 2010,20
máv menetrend,20
balaton sound 2010,20
adójóváírás 2010,20
időjárás előrejelzés,20
önkormányzati választások 2010,20
volán menetrend 2010,15
való világ 2010,15
szilveszter 2010,15
medal of honor,15
2011 filmek,15
felvételi ponthatárok 2010,15
oscar 2010,15
adóbevallás 2010,10
kresz teszt 2010,10
mozifilmek 2010,10
óraátállítás 2010,10
húsvét 2010,10
családi pótlék 2010,10


Top searches for 2009
msn,100
msn 2009,100
messenger 2009,95
messenger,95
live messenger 2009,70
windows live,70
windows live messenger,65
érettségi 2009,60
msn letöltés,50
msn letöltés 2009,50
messenger 2009 letöltés,50
messenger letöltés,50
filmek 2009,35
naptár 2009,30
naptár,30
msn messenger 2009,30
msn messenger,30
csillag születik 2009,30
msn 2009 plus,30
csillag születik,30
msn plus,30
felvételi 2009,30
2009 horoszkóp,30
horoszkóp,30
messenger plus 2009,25
messenger plus,25
msn 2009 letöltése,25
ponthatárok 2009,25
f1 2009,25
sziget 2009,20
bérkalkulátor 2009,20
bérkalkulátor,20
minimálbér 2009,15
msn plus letöltés,15
landwirtschafts simulator 2009,15
máv menetrend 2009,15
balaton sound 2009,10
szja 2009,10
felvételi ponthatárok 2009,10
szilveszter 2009,10
msn 2009 download,10
forma 1 2009,10
magyar érettségi 2009,10
gázártámogatás 2009,10
fifa 2009,10
apeh,10
divat 2009,10
családi pótlék 2009,10
pes 2009,10
ls 2009,10



Rising searches for 2013
2013 bérkalkulátor,Breakout
2013 filmek,Breakout
2013 horoszkóp,Breakout
2013 húsvét,Breakout
bérkalkulátor,Breakout
bérkalkulátor 2012,Breakout
farming simulator 2013,Breakout
minimálbér 2013,Breakout
naptár,Breakout
naptár 2013,Breakout


Rising searches for 2012
2012 bérkalkulátor,Breakout
2012 filmek,Breakout
2012 naptár,Breakout
bérkalkulátor,Breakout
eb 2012,Breakout
filmek,Breakout
menetrend,Breakout
naptár,Breakout
olimpia,Breakout
olimpia 2012,Breakout


Rising searches for 2011
2011 bérkalkulátor,Breakout
2011 filmek,Breakout
2011 horoszkóp,Breakout
2011 naptár,Breakout
bérkalkulátor,Breakout
filmek,Breakout
horoszkóp,Breakout
menetrend,Breakout
naptár,Breakout
x faktor,Breakout


Rising searches for 2010
2010 bérkalkulátor,Breakout
2010 filmek,Breakout
bérkalkulátor,Breakout
f1 2010,Breakout
msn,Breakout
naptár,Breakout
naptár 2010,Breakout
office 2010,Breakout
vb 2010,Breakout
választás,Breakout


Rising searches for 2009
filmek 2009,Breakout
live messenger 2009,Breakout
messenger,Breakout
messenger 2009,Breakout
messenger 2009 letöltés,Breakout
messenger letöltés,Breakout
msn,Breakout
msn 2009,Breakout
msn letöltés,Breakout
msn letöltés 2009,Breakout



