Web Search Interest: 2013; 2012; 2011; 2010; 2009
Iran; 2004 - present

Interest over time
Week,2013,2012,2011,2010,2009
2004-01-04 - 2004-01-10,0,0,0,0,0
2004-01-11 - 2004-01-17,0,0,0,0,0
2004-01-18 - 2004-01-24,0,0,0,0,0
2004-01-25 - 2004-01-31,0,0,0,0,0
2004-02-01 - 2004-02-07,0,0,0,0,0
2004-02-08 - 2004-02-14,0,0,0,0,0
2004-02-15 - 2004-02-21,0,0,0,0,0
2004-02-22 - 2004-02-28,0,0,0,0,0
2004-02-29 - 2004-03-06,0,0,0,0,0
2004-03-07 - 2004-03-13,0,0,0,0,0
2004-03-14 - 2004-03-20,0,0,0,0,0
2004-03-21 - 2004-03-27,0,0,0,0,0
2004-03-28 - 2004-04-03,0,0,0,0,0
2004-04-04 - 2004-04-10,0,0,0,0,0
2004-04-11 - 2004-04-17,0,0,0,0,0
2004-04-18 - 2004-04-24,0,0,0,0,0
2004-04-25 - 2004-05-01,0,0,0,0,0
2004-05-02 - 2004-05-08,0,0,0,0,0
2004-05-09 - 2004-05-15,0,0,0,0,0
2004-05-16 - 2004-05-22,0,0,0,0,0
2004-05-23 - 2004-05-29,0,0,0,0,0
2004-05-30 - 2004-06-05,0,0,0,0,0
2004-06-06 - 2004-06-12,0,0,0,0,0
2004-06-13 - 2004-06-19,0,0,0,0,0
2004-06-20 - 2004-06-26,0,0,0,0,0
2004-06-27 - 2004-07-03,0,0,0,0,0
2004-07-04 - 2004-07-10,0,0,0,0,0
2004-07-11 - 2004-07-17,0,0,0,0,0
2004-07-18 - 2004-07-24,0,0,0,0,0
2004-07-25 - 2004-07-31,0,0,0,0,0
2004-08-01 - 2004-08-07,0,0,0,0,0
2004-08-08 - 2004-08-14,0,0,0,0,0
2004-08-15 - 2004-08-21,0,0,0,0,0
2004-08-22 - 2004-08-28,0,0,0,0,0
2004-08-29 - 2004-09-04,0,0,0,0,0
2004-09-05 - 2004-09-11,0,0,0,0,0
2004-09-12 - 2004-09-18,0,0,0,0,0
2004-09-19 - 2004-09-25,0,0,0,0,0
2004-09-26 - 2004-10-02,0,0,0,0,0
2004-10-03 - 2004-10-09,0,0,0,0,0
2004-10-10 - 2004-10-16,0,0,0,0,0
2004-10-17 - 2004-10-23,0,0,0,0,0
2004-10-24 - 2004-10-30,0,0,0,0,0
2004-10-31 - 2004-11-06,0,0,0,0,0
2004-11-07 - 2004-11-13,0,0,0,0,0
2004-11-14 - 2004-11-20,0,0,0,0,0
2004-11-21 - 2004-11-27,0,0,0,0,0
2004-11-28 - 2004-12-04,0,0,0,0,0
2004-12-05 - 2004-12-11,0,0,0,0,0
2004-12-12 - 2004-12-18,0,0,0,0,0
2004-12-19 - 2004-12-25,0,0,0,0,0
2004-12-26 - 2005-01-01,0,0,0,0,0
2005-01-02 - 2005-01-08,0,0,0,0,0
2005-01-09 - 2005-01-15,0,0,0,0,0
2005-01-16 - 2005-01-22,0,0,0,0,0
2005-01-23 - 2005-01-29,0,0,0,0,0
2005-01-30 - 2005-02-05,0,0,0,0,0
2005-02-06 - 2005-02-12,0,0,0,0,0
2005-02-13 - 2005-02-19,0,0,0,0,0
2005-02-20 - 2005-02-26,0,0,0,0,0
2005-02-27 - 2005-03-05,0,0,0,0,0
2005-03-06 - 2005-03-12,0,0,0,0,0
2005-03-13 - 2005-03-19,0,0,0,0,0
2005-03-20 - 2005-03-26,0,0,0,0,0
2005-03-27 - 2005-04-02,0,0,0,0,0
2005-04-03 - 2005-04-09,0,0,0,0,0
2005-04-10 - 2005-04-16,0,0,0,0,0
2005-04-17 - 2005-04-23,0,0,0,0,0
2005-04-24 - 2005-04-30,0,0,0,0,0
2005-05-01 - 2005-05-07,0,0,0,0,0
2005-05-08 - 2005-05-14,0,0,0,0,0
2005-05-15 - 2005-05-21,0,0,0,0,0
2005-05-22 - 2005-05-28,0,0,0,0,0
2005-05-29 - 2005-06-04,0,0,0,0,0
2005-06-05 - 2005-06-11,0,0,0,0,0
2005-06-12 - 2005-06-18,0,0,0,0,0
2005-06-19 - 2005-06-25,0,0,0,0,0
2005-06-26 - 2005-07-02,0,0,0,0,0
2005-07-03 - 2005-07-09,0,0,0,0,0
2005-07-10 - 2005-07-16,0,0,0,0,0
2005-07-17 - 2005-07-23,0,0,0,0,0
2005-07-24 - 2005-07-30,0,0,0,0,0
2005-07-31 - 2005-08-06,0,0,0,0,0
2005-08-07 - 2005-08-13,0,0,0,0,0
2005-08-14 - 2005-08-20,0,0,0,0,0
2005-08-21 - 2005-08-27,0,0,0,0,0
2005-08-28 - 2005-09-03,0,0,0,0,0
2005-09-04 - 2005-09-10,0,0,0,0,0
2005-09-11 - 2005-09-17,0,0,0,0,0
2005-09-18 - 2005-09-24,0,0,0,0,0
2005-09-25 - 2005-10-01,0,0,0,0,0
2005-10-02 - 2005-10-08,0,0,0,0,0
2005-10-09 - 2005-10-15,0,0,0,0,0
2005-10-16 - 2005-10-22,0,0,0,0,0
2005-10-23 - 2005-10-29,0,0,0,0,0
2005-10-30 - 2005-11-05,0,0,0,0,0
2005-11-06 - 2005-11-12,0,0,0,0,0
2005-11-13 - 2005-11-19,0,0,0,0,0
2005-11-20 - 2005-11-26,0,0,0,0,0
2005-11-27 - 2005-12-03,0,0,0,0,0
2005-12-04 - 2005-12-10,0,0,0,0,0
2005-12-11 - 2005-12-17,0,0,0,0,0
2005-12-18 - 2005-12-24,0,0,0,0,0
2005-12-25 - 2005-12-31,0,0,0,0,0
2006-01-01 - 2006-01-07,0,0,0,0,0
2006-01-08 - 2006-01-14,0,0,0,0,0
2006-01-15 - 2006-01-21,0,0,0,0,0
2006-01-22 - 2006-01-28,0,0,0,0,0
2006-01-29 - 2006-02-04,0,0,0,0,0
2006-02-05 - 2006-02-11,0,0,0,0,0
2006-02-12 - 2006-02-18,0,0,0,0,0
2006-02-19 - 2006-02-25,0,0,0,0,0
2006-02-26 - 2006-03-04,0,0,0,0,0
2006-03-05 - 2006-03-11,0,0,0,0,0
2006-03-12 - 2006-03-18,0,0,0,0,0
2006-03-19 - 2006-03-25,0,0,0,0,0
2006-03-26 - 2006-04-01,0,0,0,0,0
2006-04-02 - 2006-04-08,0,0,0,0,0
2006-04-09 - 2006-04-15,0,0,0,0,0
2006-04-16 - 2006-04-22,0,0,0,0,0
2006-04-23 - 2006-04-29,0,0,0,0,0
2006-04-30 - 2006-05-06,0,0,0,0,0
2006-05-07 - 2006-05-13,0,0,0,0,0
2006-05-14 - 2006-05-20,0,0,0,0,0
2006-05-21 - 2006-05-27,0,0,0,0,0
2006-05-28 - 2006-06-03,0,0,0,0,0
2006-06-04 - 2006-06-10,0,0,0,0,0
2006-06-11 - 2006-06-17,0,0,0,0,0
2006-06-18 - 2006-06-24,0,0,0,0,0
2006-06-25 - 2006-07-01,0,0,0,0,0
2006-07-02 - 2006-07-08,0,0,0,0,0
2006-07-09 - 2006-07-15,0,0,0,0,0
2006-07-16 - 2006-07-22,0,0,0,0,0
2006-07-23 - 2006-07-29,0,0,0,0,0
2006-07-30 - 2006-08-05,0,0,0,0,0
2006-08-06 - 2006-08-12,0,0,0,0,0
2006-08-13 - 2006-08-19,0,0,0,0,0
2006-08-20 - 2006-08-26,0,0,0,0,0
2006-08-27 - 2006-09-02,0,0,0,0,0
2006-09-03 - 2006-09-09,0,0,0,0,0
2006-09-10 - 2006-09-16,0,0,0,0,0
2006-09-17 - 2006-09-23,0,0,0,0,0
2006-09-24 - 2006-09-30,0,0,0,0,0
2006-10-01 - 2006-10-07,0,0,0,0,0
2006-10-08 - 2006-10-14,0,0,0,0,0
2006-10-15 - 2006-10-21,0,0,0,0,0
2006-10-22 - 2006-10-28,0,0,0,0,0
2006-10-29 - 2006-11-04,0,0,0,0,0
2006-11-05 - 2006-11-11,0,0,0,0,0
2006-11-12 - 2006-11-18,0,0,0,0,0
2006-11-19 - 2006-11-25,0,0,0,0,0
2006-11-26 - 2006-12-02,0,0,0,0,0
2006-12-03 - 2006-12-09,0,0,0,0,0
2006-12-10 - 2006-12-16,0,0,0,0,0
2006-12-17 - 2006-12-23,0,0,0,0,0
2006-12-24 - 2006-12-30,0,0,0,0,0
2006-12-31 - 2007-01-06,0,0,0,0,0
2007-01-07 - 2007-01-13,0,0,0,0,0
2007-01-14 - 2007-01-20,0,0,0,0,0
2007-01-21 - 2007-01-27,0,0,0,0,0
2007-01-28 - 2007-02-03,0,0,0,0,0
2007-02-04 - 2007-02-10,0,0,0,0,0
2007-02-11 - 2007-02-17,0,0,0,0,0
2007-02-18 - 2007-02-24,0,0,0,0,0
2007-02-25 - 2007-03-03,0,0,0,0,0
2007-03-04 - 2007-03-10,0,0,0,0,0
2007-03-11 - 2007-03-17,0,0,0,0,0
2007-03-18 - 2007-03-24,0,0,0,0,0
2007-03-25 - 2007-03-31,0,0,0,0,0
2007-04-01 - 2007-04-07,0,0,0,0,0
2007-04-08 - 2007-04-14,0,0,0,0,0
2007-04-15 - 2007-04-21,0,0,0,0,0
2007-04-22 - 2007-04-28,0,0,0,0,0
2007-04-29 - 2007-05-05,0,0,0,0,0
2007-05-06 - 2007-05-12,0,0,0,0,0
2007-05-13 - 2007-05-19,0,0,0,0,0
2007-05-20 - 2007-05-26,0,0,0,0,0
2007-05-27 - 2007-06-02,0,0,0,0,0
2007-06-03 - 2007-06-09,0,0,0,0,0
2007-06-10 - 2007-06-16,0,0,0,0,0
2007-06-17 - 2007-06-23,0,0,0,0,0
2007-06-24 - 2007-06-30,0,0,0,0,0
2007-07-01 - 2007-07-07,0,0,0,0,0
2007-07-08 - 2007-07-14,0,0,0,0,0
2007-07-15 - 2007-07-21,0,0,0,0,0
2007-07-22 - 2007-07-28,0,0,0,0,0
2007-07-29 - 2007-08-04,0,0,0,0,0
2007-08-05 - 2007-08-11,0,0,0,0,0
2007-08-12 - 2007-08-18,0,0,0,0,0
2007-08-19 - 2007-08-25,0,0,0,0,0
2007-08-26 - 2007-09-01,0,0,0,0,0
2007-09-02 - 2007-09-08,0,0,0,0,0
2007-09-09 - 2007-09-15,0,0,0,0,0
2007-09-16 - 2007-09-22,0,0,0,0,0
2007-09-23 - 2007-09-29,0,0,0,0,0
2007-09-30 - 2007-10-06,0,0,0,0,0
2007-10-07 - 2007-10-13,0,0,0,1,0
2007-10-14 - 2007-10-20,0,0,0,0,1
2007-10-21 - 2007-10-27,0,0,0,0,1
2007-10-28 - 2007-11-03,0,0,0,0,0
2007-11-04 - 2007-11-10,0,0,0,0,1
2007-11-11 - 2007-11-17,0,0,0,0,0
2007-11-18 - 2007-11-24,0,0,0,0,1
2007-11-25 - 2007-12-01,0,0,0,1,1
2007-12-02 - 2007-12-08,0,0,0,0,0
2007-12-09 - 2007-12-15,0,0,0,0,0
2007-12-16 - 2007-12-22,0,0,0,0,0
2007-12-23 - 2007-12-29,0,0,0,0,0
2007-12-30 - 2008-01-05,0,0,0,0,1
2008-01-06 - 2008-01-12,0,0,0,0,1
2008-01-13 - 2008-01-19,0,0,0,0,1
2008-01-20 - 2008-01-26,0,0,0,0,0
2008-01-27 - 2008-02-02,0,0,0,0,1
2008-02-03 - 2008-02-09,0,0,0,0,1
2008-02-10 - 2008-02-16,0,0,0,0,0
2008-02-17 - 2008-02-23,0,0,0,0,0
2008-02-24 - 2008-03-01,0,0,0,0,1
2008-03-02 - 2008-03-08,0,0,0,0,0
2008-03-09 - 2008-03-15,0,0,0,0,1
2008-03-16 - 2008-03-22,0,0,0,0,1
2008-03-23 - 2008-03-29,0,0,0,0,1
2008-03-30 - 2008-04-05,0,0,0,0,1
2008-04-06 - 2008-04-12,0,0,0,0,1
2008-04-13 - 2008-04-19,0,0,0,0,1
2008-04-20 - 2008-04-26,0,0,0,0,1
2008-04-27 - 2008-05-03,0,0,0,0,1
2008-05-04 - 2008-05-10,0,0,0,0,2
2008-05-11 - 2008-05-17,0,0,0,0,2
2008-05-18 - 2008-05-24,0,0,0,0,2
2008-05-25 - 2008-05-31,0,0,0,0,2
2008-06-01 - 2008-06-07,0,0,0,1,2
2008-06-08 - 2008-06-14,0,0,0,1,3
2008-06-15 - 2008-06-21,0,0,0,1,3
2008-06-22 - 2008-06-28,0,0,0,1,3
2008-06-29 - 2008-07-05,0,0,0,0,3
2008-07-06 - 2008-07-12,0,0,0,1,3
2008-07-13 - 2008-07-19,0,0,0,1,4
2008-07-20 - 2008-07-26,0,0,0,1,4
2008-07-27 - 2008-08-02,0,0,0,0,5
2008-08-03 - 2008-08-09,0,0,0,0,4
2008-08-10 - 2008-08-16,0,0,0,1,5
2008-08-17 - 2008-08-23,0,0,0,1,5
2008-08-24 - 2008-08-30,0,0,0,1,6
2008-08-31 - 2008-09-06,0,0,0,0,6
2008-09-07 - 2008-09-13,0,0,0,1,7
2008-09-14 - 2008-09-20,0,0,0,1,8
2008-09-21 - 2008-09-27,0,0,0,0,10
2008-09-28 - 2008-10-04,0,0,0,1,9
2008-10-05 - 2008-10-11,0,0,0,1,10
2008-10-12 - 2008-10-18,0,0,0,1,11
2008-10-19 - 2008-10-25,0,0,0,1,12
2008-10-26 - 2008-11-01,0,0,0,1,11
2008-11-02 - 2008-11-08,0,0,0,1,11
2008-11-09 - 2008-11-15,0,0,0,1,11
2008-11-16 - 2008-11-22,0,0,0,1,11
2008-11-23 - 2008-11-29,0,0,0,1,13
2008-11-30 - 2008-12-06,0,0,0,1,13
2008-12-07 - 2008-12-13,0,0,0,0,13
2008-12-14 - 2008-12-20,0,0,0,0,15
2008-12-21 - 2008-12-27,0,0,0,0,16
2008-12-28 - 2009-01-03,0,0,0,0,24
2009-01-04 - 2009-01-10,0,0,0,1,29
2009-01-11 - 2009-01-17,0,0,0,1,28
2009-01-18 - 2009-01-24,0,0,0,1,28
2009-01-25 - 2009-01-31,0,0,0,0,25
2009-02-01 - 2009-02-07,0,0,0,1,23
2009-02-08 - 2009-02-14,0,0,0,1,28
2009-02-15 - 2009-02-21,0,0,0,1,28
2009-02-22 - 2009-02-28,0,0,0,1,42
2009-03-01 - 2009-03-07,0,0,0,1,33
2009-03-08 - 2009-03-14,0,0,0,1,34
2009-03-15 - 2009-03-21,0,0,0,1,35
2009-03-22 - 2009-03-28,0,0,0,2,39
2009-03-29 - 2009-04-04,0,0,0,3,34
2009-04-05 - 2009-04-11,0,0,0,2,29
2009-04-12 - 2009-04-18,0,0,0,1,28
2009-04-19 - 2009-04-25,0,0,0,2,29
2009-04-26 - 2009-05-02,0,0,0,2,29
2009-05-03 - 2009-05-09,0,0,0,2,29
2009-05-10 - 2009-05-16,0,0,0,2,33
2009-05-17 - 2009-05-23,0,0,0,3,35
2009-05-24 - 2009-05-30,0,0,0,3,35
2009-05-31 - 2009-06-06,0,0,0,3,31
2009-06-07 - 2009-06-13,0,0,0,4,25
2009-06-14 - 2009-06-20,0,0,0,3,25
2009-06-21 - 2009-06-27,0,0,0,3,29
2009-06-28 - 2009-07-04,0,0,0,5,32
2009-07-05 - 2009-07-11,0,0,0,5,34
2009-07-12 - 2009-07-18,0,0,0,5,28
2009-07-19 - 2009-07-25,0,0,0,5,31
2009-07-26 - 2009-08-01,0,0,0,5,29
2009-08-02 - 2009-08-08,0,0,0,6,29
2009-08-09 - 2009-08-15,0,0,0,7,29
2009-08-16 - 2009-08-22,0,0,0,6,31
2009-08-23 - 2009-08-29,0,0,0,7,33
2009-08-30 - 2009-09-05,0,0,0,7,28
2009-09-06 - 2009-09-12,0,0,0,10,30
2009-09-13 - 2009-09-19,0,0,0,11,31
2009-09-20 - 2009-09-26,0,1,0,10,35
2009-09-27 - 2009-10-03,0,1,1,12,36
2009-10-04 - 2009-10-10,0,1,1,13,32
2009-10-11 - 2009-10-17,0,1,1,16,34
2009-10-18 - 2009-10-24,0,1,1,16,30
2009-10-25 - 2009-10-31,0,1,1,17,31
2009-11-01 - 2009-11-07,0,1,1,15,28
2009-11-08 - 2009-11-14,0,1,1,16,27
2009-11-15 - 2009-11-21,0,4,1,17,29
2009-11-22 - 2009-11-28,0,5,2,18,30
2009-11-29 - 2009-12-05,0,5,1,20,29
2009-12-06 - 2009-12-12,0,5,1,20,26
2009-12-13 - 2009-12-19,0,4,0,19,26
2009-12-20 - 2009-12-26,0,5,0,21,27
2009-12-27 - 2010-01-02,0,4,0,28,25
2010-01-03 - 2010-01-09,0,4,1,32,22
2010-01-10 - 2010-01-16,0,4,1,36,21
2010-01-17 - 2010-01-23,0,3,0,33,18
2010-01-24 - 2010-01-30,0,3,1,32,15
2010-01-31 - 2010-02-06,0,2,1,34,13
2010-02-07 - 2010-02-13,0,3,1,40,13
2010-02-14 - 2010-02-20,0,3,1,43,13
2010-02-21 - 2010-02-27,0,2,1,41,13
2010-02-28 - 2010-03-06,0,2,1,44,13
2010-03-07 - 2010-03-13,0,2,1,53,13
2010-03-14 - 2010-03-20,0,2,2,47,12
2010-03-21 - 2010-03-27,0,2,2,64,15
2010-03-28 - 2010-04-03,0,3,2,47,12
2010-04-04 - 2010-04-10,0,2,2,42,10
2010-04-11 - 2010-04-17,0,2,2,41,9
2010-04-18 - 2010-04-24,0,2,2,42,9
2010-04-25 - 2010-05-01,0,2,2,41,9
2010-05-02 - 2010-05-08,0,2,2,43,9
2010-05-09 - 2010-05-15,0,2,2,46,8
2010-05-16 - 2010-05-22,0,2,2,50,8
2010-05-23 - 2010-05-29,0,2,3,51,7
2010-05-30 - 2010-06-05,0,2,3,57,8
2010-06-06 - 2010-06-12,0,2,4,89,7
2010-06-13 - 2010-06-19,0,1,4,100,7
2010-06-20 - 2010-06-26,0,2,4,85,7
2010-06-27 - 2010-07-03,0,1,5,73,6
2010-07-04 - 2010-07-10,0,2,4,63,5
2010-07-11 - 2010-07-17,0,2,4,58,4
2010-07-18 - 2010-07-24,0,2,5,43,5
2010-07-25 - 2010-07-31,0,1,6,44,5
2010-08-01 - 2010-08-07,0,1,5,39,4
2010-08-08 - 2010-08-14,0,1,5,42,6
2010-08-15 - 2010-08-21,0,1,6,40,4
2010-08-22 - 2010-08-28,0,2,6,41,4
2010-08-29 - 2010-09-04,0,2,7,43,4
2010-09-05 - 2010-09-11,0,2,7,41,4
2010-09-12 - 2010-09-18,0,1,8,42,4
2010-09-19 - 2010-09-25,0,1,8,38,4
2010-09-26 - 2010-10-02,0,1,10,37,4
2010-10-03 - 2010-10-09,0,2,13,36,4
2010-10-10 - 2010-10-16,0,2,10,36,4
2010-10-17 - 2010-10-23,0,2,12,35,3
2010-10-24 - 2010-10-30,0,2,12,36,4
2010-10-31 - 2010-11-06,0,3,13,38,3
2010-11-07 - 2010-11-13,0,1,12,42,4
2010-11-14 - 2010-11-20,0,1,12,45,3
2010-11-21 - 2010-11-27,0,2,14,43,3
2010-11-28 - 2010-12-04,0,2,13,33,3
2010-12-05 - 2010-12-11,0,1,15,32,3
2010-12-12 - 2010-12-18,0,2,17,32,4
2010-12-19 - 2010-12-25,0,2,17,28,3
2010-12-26 - 2011-01-01,0,2,24,26,3
2011-01-02 - 2011-01-08,0,2,29,20,2
2011-01-09 - 2011-01-15,0,2,33,20,2
2011-01-16 - 2011-01-22,0,2,32,17,2
2011-01-23 - 2011-01-29,0,1,29,15,2
2011-01-30 - 2011-02-05,0,2,28,14,2
2011-02-06 - 2011-02-12,0,1,27,13,2
2011-02-13 - 2011-02-19,0,2,30,13,2
2011-02-20 - 2011-02-26,0,2,34,12,2
2011-02-27 - 2011-03-05,0,4,39,13,2
2011-03-06 - 2011-03-12,0,3,31,11,2
2011-03-13 - 2011-03-19,0,3,33,12,2
2011-03-20 - 2011-03-26,0,3,42,16,2
2011-03-27 - 2011-04-02,0,4,41,13,2
2011-04-03 - 2011-04-09,0,3,34,12,2
2011-04-10 - 2011-04-16,0,3,34,10,2
2011-04-17 - 2011-04-23,0,3,31,9,2
2011-04-24 - 2011-04-30,0,3,31,9,2
2011-05-01 - 2011-05-07,0,4,33,9,2
2011-05-08 - 2011-05-14,0,4,32,9,1
2011-05-15 - 2011-05-21,0,3,33,8,2
2011-05-22 - 2011-05-28,0,3,32,8,1
2011-05-29 - 2011-06-04,0,3,35,8,2
2011-06-05 - 2011-06-11,0,4,32,9,2
2011-06-12 - 2011-06-18,0,4,35,8,2
2011-06-19 - 2011-06-25,0,4,33,7,2
2011-06-26 - 2011-07-02,0,4,34,8,2
2011-07-03 - 2011-07-09,0,4,31,7,2
2011-07-10 - 2011-07-16,0,6,33,7,2
2011-07-17 - 2011-07-23,0,6,33,7,2
2011-07-24 - 2011-07-30,0,5,32,7,1
2011-07-31 - 2011-08-06,0,5,34,8,2
2011-08-07 - 2011-08-13,0,5,33,7,2
2011-08-14 - 2011-08-20,0,7,35,7,2
2011-08-21 - 2011-08-27,0,8,36,7,2
2011-08-28 - 2011-09-03,0,8,37,6,2
2011-09-04 - 2011-09-10,0,7,32,6,2
2011-09-11 - 2011-09-17,0,8,32,6,1
2011-09-18 - 2011-09-24,0,10,35,7,1
2011-09-25 - 2011-10-01,0,13,30,6,1
2011-10-02 - 2011-10-08,1,13,31,7,1
2011-10-09 - 2011-10-15,1,12,30,7,1
2011-10-16 - 2011-10-22,1,11,30,7,1
2011-10-23 - 2011-10-29,2,11,30,7,1
2011-10-30 - 2011-11-05,2,12,30,7,1
2011-11-06 - 2011-11-12,0,12,37,7,1
2011-11-13 - 2011-11-19,0,12,33,6,1
2011-11-20 - 2011-11-26,0,13,38,7,1
2011-11-27 - 2011-12-03,0,13,35,7,1
2011-12-04 - 2011-12-10,0,15,32,7,2
2011-12-11 - 2011-12-17,0,13,27,7,2
2011-12-18 - 2011-12-24,0,14,25,7,1
2011-12-25 - 2011-12-31,0,20,25,6,1
2012-01-01 - 2012-01-07,0,27,24,6,1
2012-01-08 - 2012-01-14,0,28,24,6,1
2012-01-15 - 2012-01-21,1,35,19,5,1
2012-01-22 - 2012-01-28,1,30,18,6,1
2012-01-29 - 2012-02-04,0,26,15,5,1
2012-02-05 - 2012-02-11,0,31,15,6,1
2012-02-12 - 2012-02-18,0,34,14,5,1
2012-02-19 - 2012-02-25,0,34,15,6,1
2012-02-26 - 2012-03-03,0,57,14,6,1
2012-03-04 - 2012-03-10,1,36,13,6,1
2012-03-11 - 2012-03-17,1,37,13,6,1
2012-03-18 - 2012-03-24,1,39,14,6,1
2012-03-25 - 2012-03-31,1,39,13,5,1
2012-04-01 - 2012-04-07,1,35,11,5,1
2012-04-08 - 2012-04-14,1,34,9,5,1
2012-04-15 - 2012-04-21,1,32,9,5,1
2012-04-22 - 2012-04-28,1,34,8,5,1
2012-04-29 - 2012-05-05,3,33,7,5,1
2012-05-06 - 2012-05-12,2,33,7,6,1
2012-05-13 - 2012-05-19,2,36,8,6,1
2012-05-20 - 2012-05-26,2,36,7,5,1
2012-05-27 - 2012-06-02,2,39,7,5,1
2012-06-03 - 2012-06-09,2,48,7,5,1
2012-06-10 - 2012-06-16,2,46,6,5,1
2012-06-17 - 2012-06-23,2,44,5,4,1
2012-06-24 - 2012-06-30,2,48,6,5,1
2012-07-01 - 2012-07-07,2,45,6,5,1
2012-07-08 - 2012-07-14,2,37,7,5,1
2012-07-15 - 2012-07-21,3,39,6,5,1
2012-07-22 - 2012-07-28,4,61,7,6,1
2012-07-29 - 2012-08-04,4,72,7,6,1
2012-08-05 - 2012-08-11,4,98,6,5,1
2012-08-12 - 2012-08-18,4,60,6,5,1
2012-08-19 - 2012-08-25,5,45,6,5,1
2012-08-26 - 2012-09-01,5,43,7,5,1
2012-09-02 - 2012-09-08,5,44,5,5,1
2012-09-09 - 2012-09-15,5,36,5,5,1
2012-09-16 - 2012-09-22,8,36,5,5,1
2012-09-23 - 2012-09-29,8,34,4,5,1
2012-09-30 - 2012-10-06,8,33,4,4,1
2012-10-07 - 2012-10-13,8,32,4,5,1
2012-10-14 - 2012-10-20,8,31,4,5,1
2012-10-21 - 2012-10-27,9,31,4,5,1
2012-10-28 - 2012-11-03,10,34,4,5,1
2012-11-04 - 2012-11-10,10,34,4,5,1
2012-11-11 - 2012-11-17,10,30,4,5,1
2012-11-18 - 2012-11-24,12,32,4,5,1
2012-11-25 - 2012-12-01,12,33,4,5,1
2012-12-02 - 2012-12-08,12,35,4,5,1
2012-12-09 - 2012-12-15,12,39,4,5,1
2012-12-16 - 2012-12-22,14,48,4,5,1
2012-12-23 - 2012-12-29,15,26,3,5,1
2012-12-30 - 2013-01-05,22,25,3,4,1
2013-01-06 - 2013-01-12,21,23,3,5,1
2013-01-13 - 2013-01-19, , , , , 
2013-01-20 - 2013-01-26, , , , , 
2013-01-27 - 2013-02-02, , , , , 


Top subregions for 2013
Subregion,2013,2012,2011,2010,2009
Azarbayjän-e-Gharbî,100,91,96,70,25
Lorestan,95,100,81,69,33
Gilan,87,92,100,78,43
Mazandaran,77,81,83,78,50
Semnan,72,67,87,100,49
Hormozgän,66,62,75,89,83
Tehran,65,69,68,84,60
SIstan va Balûchestan,64,56,75,91,73
Kerman,64,62,62,67,39
Chahar Mahall va Bakhtlari,62,70,74,76,56
Fars,61,60,70,69,50
Kermanshähan,61,66,72,62,30
Esfahan,61,59,65,62,35
Hamadan,60,65,72,73,47
Azarb&yjan-e-Sharq,59,66,71,69,51
Khoràsàn,57,75,84,78,41
Zanjan,54,59,66,76,49
Markazî,53,61,66,61,47
KhÜzestan,53,55,69,67,44
Yazd,30,30,44,94,100
Ilam,0,61,69,73,54
Büahahr,0,0,0,0,0
Kordeatan,0,0,0,0,0

Top subregions for 2012
Subregion,2013,2012,2011,2010,2009
Lorestan,95,100,81,69,33
Gilan,87,92,100,78,43
Azarbayjän-e-Gharbî,100,91,96,70,25
Mazandaran,77,81,83,78,50
Khoràsàn,57,75,84,78,41
Chahar Mahall va Bakhtlari,62,70,74,76,56
Tehran,65,69,68,84,60
Semnan,72,67,87,100,49
Kermanshähan,61,66,72,62,30
Azarb&yjan-e-Sharq,59,66,71,69,51
Hamadan,60,65,72,73,47
Hormozgän,66,62,75,89,83
Kerman,64,62,62,67,39
Markazî,53,61,66,61,47
Ilam,0,61,69,73,54
Fars,61,60,70,69,50
Esfahan,61,59,65,62,35
Zanjan,54,59,66,76,49
SIstan va Balûchestan,64,56,75,91,73
KhÜzestan,53,55,69,67,44
Yazd,30,30,44,94,100
Büahahr,0,0,0,0,0
Kordeatan,0,0,0,0,0

Top subregions for 2011
Subregion,2013,2012,2011,2010,2009
Gilan,87,92,100,78,43
Azarbayjän-e-Gharbî,100,91,96,70,25
Semnan,72,67,87,100,49
Khoràsàn,57,75,84,78,41
Mazandaran,77,81,83,78,50
Lorestan,95,100,81,69,33
SIstan va Balûchestan,64,56,75,91,73
Hormozgän,66,62,75,89,83
Chahar Mahall va Bakhtlari,62,70,74,76,56
Kermanshähan,61,66,72,62,30
Hamadan,60,65,72,73,47
Azarb&yjan-e-Sharq,59,66,71,69,51
Fars,61,60,70,69,50
KhÜzestan,53,55,69,67,44
Ilam,0,61,69,73,54
Tehran,65,69,68,84,60
Zanjan,54,59,66,76,49
Markazî,53,61,66,61,47
Esfahan,61,59,65,62,35
Kerman,64,62,62,67,39
Yazd,30,30,44,94,100
Büahahr,0,0,0,0,0
Kordeatan,0,0,0,0,0

Top subregions for 2010
Subregion,2013,2012,2011,2010,2009
Semnan,72,67,87,100,49
Yazd,30,30,44,94,100
SIstan va Balûchestan,64,56,75,91,73
Hormozgän,66,62,75,89,83
Tehran,65,69,68,84,60
Gilan,87,92,100,78,43
Khoràsàn,57,75,84,78,41
Mazandaran,77,81,83,78,50
Chahar Mahall va Bakhtlari,62,70,74,76,56
Zanjan,54,59,66,76,49
Ilam,0,61,69,73,54
Hamadan,60,65,72,73,47
Azarbayjän-e-Gharbî,100,91,96,70,25
Fars,61,60,70,69,50
Azarb&yjan-e-Sharq,59,66,71,69,51
Lorestan,95,100,81,69,33
KhÜzestan,53,55,69,67,44
Kerman,64,62,62,67,39
Esfahan,61,59,65,62,35
Kermanshähan,61,66,72,62,30
Markazî,53,61,66,61,47
Büahahr,0,0,0,0,0
Kordeatan,0,0,0,0,0

Top subregions for 2009
Subregion,2013,2012,2011,2010,2009
Yazd,30,30,44,94,100
Hormozgän,66,62,75,89,83
SIstan va Balûchestan,64,56,75,91,73
Tehran,65,69,68,84,60
Chahar Mahall va Bakhtlari,62,70,74,76,56
Ilam,0,61,69,73,54
Azarb&yjan-e-Sharq,59,66,71,69,51
Fars,61,60,70,69,50
Mazandaran,77,81,83,78,50
Zanjan,54,59,66,76,49
Semnan,72,67,87,100,49
Hamadan,60,65,72,73,47
Markazî,53,61,66,61,47
KhÜzestan,53,55,69,67,44
Gilan,87,92,100,78,43
Khoràsàn,57,75,84,78,41
Kerman,64,62,62,67,39
Esfahan,61,59,65,62,35
Lorestan,95,100,81,69,33
Kermanshähan,61,66,72,62,30
Azarbayjän-e-Gharbî,100,91,96,70,25
Büahahr,0,0,0,0,0
Kordeatan,0,0,0,0,0


Top cities for 2013
City,2013
Karaj,100
Orumiyeh,98
Khorramabad,92
Rasht,89
Babol,85
Sari,80
Gorgan,79
Tehran,76
Kerman,72
Esfahan,67
Shiraz,67
Qazvin,66
Tabriz,63
Mashhad,62
Ardabil,59

Top cities for 2012
City,2012
Babol Sar,100
Sabzevar,86
Khorramabad,86
Rasht,83
Orumiyeh,83
Sari,77
Babol,76
Tehran,76
Karaj,74
Gorgan,72
Mashhad,70
Qazvin,64
Kerman,60
Tabriz,60
Kermanshah,59

Top cities for 2011
City,2011
Gorgan,100
Rasht,92
Orumiyeh,87
Mashhad,84
Sabzevar,75
Tehran,75
Sari,74
Qazvin,74
Ardabil,70
Tabriz,70
Shiraz,69
Ahwaz,69
Bandar Abbas,68
Kermanshah,68
Hamadan,67

Top cities for 2010
City,2010
Tehran,100
Yazd,95
Gorgan,85
Mashhad,83
Babol,81
Rasht,73
Tabriz,73
Shiraz,72
Ahwaz,69
Esfahan,68
Qom,68
Kerman,66
Karaj,65
Kermanshah,59

Top cities for 2009
City,2009
Yazd,100
Tehran,69
Babol,66
Tabriz,56
Qom,52
Shiraz,52
Karaj,47
Mashhad,45
Ahwaz,45
Esfahan,36



Top searches for 2013
pes 2013,100
دانلود pes 2013,45
بازی pes 2013,35
سال 2013,25
لاتاری 2013,25
لاتاری,25
office 2013,20
lottery,20
lottery 2013,20
فوتبال 2013,20
دانلود فیلم 2013,15
آفیس 2013,15
پچ pes 2013,15
pes 2012,15
مدل لباس 2013,15
dv 2013,10
fifa 2013,10
پالتو 2013,10
بازی فوتبال 2013,10
kaspersky 2013,10
نتایج لاتاری 2013,10
kaspersky,10
dv lottery,10
pes2013,10
دانلود office 2013,10
dv lottery 2013,10
دانلود بازی کامپیوتر,10
مدل پالتو,10
دانلود آفیس 2013,10
مدل پالتو 2013,10
download pes 2013,10
پی اس 2013,10
ثبت نام لاتاری,10
patch pes 2013,10
کریسمس 2013,5
کریسمس,5
رنگ سال 2013,5
سانتافه 2013,5
hyundai,5
bitdefender,5
فیفا 2013,5
لباس عروس 2013,5
مشکل pes 2013,5
microsoft office 2013,5
کشتی کج 2013,5
autocad 2013,5
کرک آفیس 2013,5
اتوکد 2013,5
مدل مانتو 2013,5
جنسیس 2013,5


Top searches for 2012
دانلود,100
فیلم 2012,35
دانلود فیلم 2012,30
دانلود فیلم,30
download,20
بازی,20
سال 2012,20
المپیک 2012,15
المپیک,15
pes 2012,15
دانلود بازی,10
دانلود آهنگ,10
مدل لباس 2012,10
مدل لباس,10
یورو 2012,5
آهنگ جدید,5
دانلود pes 2012,5
دانلود آهنگ جدید,5
2012 olympics,5
دانلود فیلم جدید,5
euro 2012,5
لباس مجلسی,5
لباس مجلسی 2012,5
دانلود نرم افزار,5
لباس عروس 2012,5
لباس عروس,5
زیرنویس فارسی,5
اسکار,5
اسکار 2012,5
london 2012,5
المپیک 2012 لندن,5
فیلتر شکن,5
فیلتر شکن 2012,5
olympic 2012,5
مدل لباس مجلسی,5
دانلود زیرنویس فارسی,5
مدل مو,5
مدل مو 2012,5
2012 movie,5
nod32,5
مدل مانتو 2012,5
kaspersky,5
لباس شب 2012,5
مدل مانتو,5
لباس شب,5
دانلود موزیک,5
دانلود بازی کامپیوتر,5
کشتی کج 2012,5
دانلود فیلتر شکن,0
رنگ سال 2012,0


Top searches for 2011
دانلود,100
فیلم,45
فیلم 2011,45
دانلود فیلم,35
دانلود فیلم 2011,35
download,35
لباس,20
pes 2011,10
مدل لباس,10
مدل لباس 2011,10
زیرنویس,10
دانلود بازی,10
فیلم های 2011,10
جدیدترین,10
دانلود زیرنویس,5
آهنگ جدید,5
زیرنویس فارسی,5
فیلتر شکن 2011,5
فیلتر شکن,5
دانلود فیلم جدید,5
لباس مجلسی,5
دانلود زیرنویس فیلم,5
لباس مجلسی 2011,5
دانلود آهنگ جدید,5
لباس عروس,5
لباس عروس 2011,5
دانلود زیرنویس فارسی,5
مدل مو 2011,5
مدل مو,5
مدل لباس مجلسی,5
kaspersky,5
لباس شب,5
فیلمهای 2011,5
لباس شب 2011,5
دانلود فیلتر شکن,5
دانلود فیلم خارجی,5
دانلود فیلم 2012,5
nod32,5
2011 calendar,5
مانتو,5
انیمیشن 2011,5
مانتو 2011,5
دانلود فيلم 2011,5
بازی pes 2011,5
دانلود فيلم,5
آکادمی گوگوش,5
آکادمی گوگوش 2011,5
دانلود انیمیشن 2011,5
دانلود رایگان فیلم,0
دانلود فیلمهای 2011,0


Top searches for 2010
download,100
فیلم 2010,65
دانلود فیلم 2010,50
office 2010,50
دانلود فیلم,50
جام جهانی 2010,35
جام جهانی,35
microsoft,30
آفیس 2010,25
word 2010,25
world cup 2010,25
pes 2010,20
visual studio 2010,20
دانلود office 2010,15
microsoft office,15
microsoft office 2010,15
مدل لباس 2010,15
مدل لباس,15
fifa,15
kaspersky 2010,15
fifa 2010,15
ورد 2010,15
kaspersky,15
دانلود آفیس 2010,15
download office 2010,10
دانلود زیرنویس,10
movie 2010,10
فیلتر 2010,10
زیرنویس فارسی,10
جام جهاني 2010,10
sharepoint 2010,10
دانلود word 2010,10
شکن 2010,10
دانلود فيلم 2010,5
دانلود ورد 2010,5
فیلمهای 2010,5
دانلود pes 2010,5
لباس عروس 2010,5
افیس 2010,5
اتوکد 2010,5
دانلود زیرنویس فارسی,5
فیلتر شکن 2010,5
بازی pes 2010,5
oscar 2010,5
اسکار 2010,5
مدل مانتو 2010,5
مدل مو 2010,5
دانلود پاورپوینت,5
دانلود پاورپوینت 2010,5
مدل مانتو,5


Top searches for 2009
دانلود فیلم 2009,100
kaspersky,65
مدل لباس 2009,65
pes 2009,65
kaspersky 2009,65
مدل لباس,65
زیرنویس,40
فیلتر 2009,40
antivirus,35
antivirus 2009,35
لباس عروس 2009,30
لباس عروس,30
فیلم های 2009,30
crack,30
kaspersky key,25
دانلود زیرنویس,20
key kaspersky 2009,20
فیلتر شکن 2009,20
proxy 2009,20
آنتی ویروس,20
زیرنویس فارسی,20
لباس مجلسی 2009,20
فیلمهای 2009,20
دانلود pes 2009,15
impact factor 2009,15
دانلود فيلم 2009,15
لباس شب,15
اسکار 2009,15
لباس شب 2009,15
autocad 2009,15
eurovision,15
eurovision 2009,15
مدل مو 2009,15
bmw 2009,15
bitdefender,15
انتی ویروس 2009,10
oscar 2009,10
bitdefender 2009,10
download kaspersky 2009,10
مدل لباس عروس,10
سوناتا 2009,10
مدل لباس مجلسی,10
dresses 2009,10
مدل مانتو 2009,10
kaspersky antivirus 2009,10
رنگ سال 2009,10
دانلود فیلمهای 2009,5
anti filter,5



Rising searches for 2013
lottery,Breakout
lottery 2013,Breakout
office 2013,Breakout
pes 2013,Breakout
بازی pes 2013,Breakout
دانلود pes 2013,Breakout
دانلود فیلم 2013,Breakout
سال 2013,Breakout
فوتبال 2013,Breakout
لاتاری,Breakout


Rising searches for 2012
download,Breakout
pes 2012,Breakout
المپیک,Breakout
المپیک 2012,Breakout
بازی,Breakout
دانلود,Breakout
دانلود آهنگ,Breakout
دانلود بازی,Breakout
دانلود فیلم,Breakout
دانلود فیلم 2012,Breakout


Rising searches for 2011
download,Breakout
pes 2011,Breakout
دانلود,Breakout
دانلود بازی,Breakout
دانلود فیلم,Breakout
دانلود فیلم 2011,Breakout
زیرنویس,Breakout
فیلم,Breakout
فیلم 2011,Breakout
لباس,Breakout


Rising searches for 2010
download,Breakout
microsoft,Breakout
office 2010,Breakout
pes 2010,Breakout
word 2010,Breakout
world cup 2010,Breakout
آفیس 2010,Breakout
جام جهانی,Breakout
جام جهانی 2010,Breakout
دانلود فیلم,Breakout


Rising searches for 2009
kaspersky,Breakout
kaspersky 2009,Breakout
pes 2009,Breakout
دانلود فیلم 2009,Breakout
زیرنویس,Breakout
فیلتر 2009,Breakout
مدل لباس,Breakout
مدل لباس 2009,Breakout



