Web Search Interest: 2013; 2012; 2011; 2010; 2009
Peru; 2004 - present

Interest over time
Week,2013,2012,2011,2010,2009
2004-01-04 - 2004-01-10,0,0,0,0,0
2004-01-11 - 2004-01-17,0,0,0,0,0
2004-01-18 - 2004-01-24,0,0,0,0,0
2004-01-25 - 2004-01-31,0,0,0,0,0
2004-02-01 - 2004-02-07,0,0,0,0,0
2004-02-08 - 2004-02-14,0,0,0,0,0
2004-02-15 - 2004-02-21,0,0,0,0,0
2004-02-22 - 2004-02-28,0,0,0,0,0
2004-02-29 - 2004-03-06,0,0,0,0,0
2004-03-07 - 2004-03-13,0,0,0,0,0
2004-03-14 - 2004-03-20,0,0,0,0,0
2004-03-21 - 2004-03-27,0,0,0,0,0
2004-03-28 - 2004-04-03,0,0,0,0,0
2004-04-04 - 2004-04-10,0,0,0,0,0
2004-04-11 - 2004-04-17,0,0,0,0,0
2004-04-18 - 2004-04-24,0,0,0,0,0
2004-04-25 - 2004-05-01,0,0,0,0,0
2004-05-02 - 2004-05-08,0,0,0,0,0
2004-05-09 - 2004-05-15,0,0,0,0,0
2004-05-16 - 2004-05-22,0,0,0,0,0
2004-05-23 - 2004-05-29,0,0,0,0,0
2004-05-30 - 2004-06-05,0,0,0,0,0
2004-06-06 - 2004-06-12,0,0,0,0,0
2004-06-13 - 2004-06-19,0,0,0,0,0
2004-06-20 - 2004-06-26,0,0,0,0,0
2004-06-27 - 2004-07-03,0,0,0,0,0
2004-07-04 - 2004-07-10,0,0,0,0,0
2004-07-11 - 2004-07-17,0,0,0,0,0
2004-07-18 - 2004-07-24,0,0,0,0,0
2004-07-25 - 2004-07-31,0,0,0,0,0
2004-08-01 - 2004-08-07,0,0,0,0,0
2004-08-08 - 2004-08-14,0,0,0,0,0
2004-08-15 - 2004-08-21,0,0,0,0,0
2004-08-22 - 2004-08-28,0,0,0,0,0
2004-08-29 - 2004-09-04,0,0,0,0,0
2004-09-05 - 2004-09-11,0,0,0,0,0
2004-09-12 - 2004-09-18,0,0,0,0,0
2004-09-19 - 2004-09-25,0,0,0,0,0
2004-09-26 - 2004-10-02,0,0,0,0,0
2004-10-03 - 2004-10-09,0,0,0,0,0
2004-10-10 - 2004-10-16,0,0,0,0,0
2004-10-17 - 2004-10-23,0,0,0,0,0
2004-10-24 - 2004-10-30,0,0,0,0,0
2004-10-31 - 2004-11-06,0,0,0,0,0
2004-11-07 - 2004-11-13,0,0,0,0,0
2004-11-14 - 2004-11-20,0,0,0,0,0
2004-11-21 - 2004-11-27,0,0,0,0,0
2004-11-28 - 2004-12-04,0,0,0,0,0
2004-12-05 - 2004-12-11,0,0,0,0,0
2004-12-12 - 2004-12-18,0,0,0,0,0
2004-12-19 - 2004-12-25,0,0,0,0,0
2004-12-26 - 2005-01-01,0,0,0,0,0
2005-01-02 - 2005-01-08,0,0,0,0,0
2005-01-09 - 2005-01-15,0,0,0,0,0
2005-01-16 - 2005-01-22,0,0,0,0,0
2005-01-23 - 2005-01-29,0,0,0,0,0
2005-01-30 - 2005-02-05,0,0,0,0,0
2005-02-06 - 2005-02-12,0,0,0,0,0
2005-02-13 - 2005-02-19,0,0,0,0,0
2005-02-20 - 2005-02-26,0,0,0,0,0
2005-02-27 - 2005-03-05,0,0,0,0,0
2005-03-06 - 2005-03-12,0,0,0,0,0
2005-03-13 - 2005-03-19,0,0,0,0,0
2005-03-20 - 2005-03-26,0,0,0,0,0
2005-03-27 - 2005-04-02,0,0,0,0,0
2005-04-03 - 2005-04-09,0,0,0,0,0
2005-04-10 - 2005-04-16,0,0,0,0,0
2005-04-17 - 2005-04-23,0,0,0,0,0
2005-04-24 - 2005-04-30,0,0,0,0,0
2005-05-01 - 2005-05-07,0,0,0,0,0
2005-05-08 - 2005-05-14,0,0,0,0,0
2005-05-15 - 2005-05-21,0,0,0,0,0
2005-05-22 - 2005-05-28,0,0,0,0,0
2005-05-29 - 2005-06-04,0,0,0,0,0
2005-06-05 - 2005-06-11,0,0,0,0,0
2005-06-12 - 2005-06-18,0,0,0,0,0
2005-06-19 - 2005-06-25,0,0,0,0,0
2005-06-26 - 2005-07-02,0,0,0,0,0
2005-07-03 - 2005-07-09,0,0,0,0,0
2005-07-10 - 2005-07-16,0,0,0,0,0
2005-07-17 - 2005-07-23,0,0,0,0,0
2005-07-24 - 2005-07-30,0,0,0,0,0
2005-07-31 - 2005-08-06,0,0,0,0,0
2005-08-07 - 2005-08-13,0,0,0,0,0
2005-08-14 - 2005-08-20,0,0,0,0,0
2005-08-21 - 2005-08-27,0,0,0,0,0
2005-08-28 - 2005-09-03,0,0,0,0,0
2005-09-04 - 2005-09-10,0,0,0,0,0
2005-09-11 - 2005-09-17,0,0,0,0,0
2005-09-18 - 2005-09-24,0,0,0,0,0
2005-09-25 - 2005-10-01,0,0,0,0,0
2005-10-02 - 2005-10-08,0,0,0,0,0
2005-10-09 - 2005-10-15,0,0,0,0,0
2005-10-16 - 2005-10-22,0,0,0,0,0
2005-10-23 - 2005-10-29,0,0,0,0,0
2005-10-30 - 2005-11-05,0,0,0,0,0
2005-11-06 - 2005-11-12,0,0,0,0,0
2005-11-13 - 2005-11-19,0,0,0,0,0
2005-11-20 - 2005-11-26,0,0,0,0,0
2005-11-27 - 2005-12-03,0,0,0,0,0
2005-12-04 - 2005-12-10,0,0,0,0,0
2005-12-11 - 2005-12-17,0,0,0,0,0
2005-12-18 - 2005-12-24,0,0,0,0,0
2005-12-25 - 2005-12-31,0,0,0,0,0
2006-01-01 - 2006-01-07,0,0,0,0,0
2006-01-08 - 2006-01-14,0,0,0,0,0
2006-01-15 - 2006-01-21,0,0,0,0,0
2006-01-22 - 2006-01-28,0,0,0,0,0
2006-01-29 - 2006-02-04,0,0,0,0,0
2006-02-05 - 2006-02-11,0,0,0,0,0
2006-02-12 - 2006-02-18,0,0,0,0,0
2006-02-19 - 2006-02-25,0,0,0,0,0
2006-02-26 - 2006-03-04,0,0,0,0,0
2006-03-05 - 2006-03-11,0,0,0,0,0
2006-03-12 - 2006-03-18,0,0,0,0,0
2006-03-19 - 2006-03-25,0,0,0,0,0
2006-03-26 - 2006-04-01,0,0,0,0,0
2006-04-02 - 2006-04-08,0,0,0,0,0
2006-04-09 - 2006-04-15,0,0,0,0,0
2006-04-16 - 2006-04-22,0,0,0,0,0
2006-04-23 - 2006-04-29,0,0,0,0,0
2006-04-30 - 2006-05-06,0,0,0,0,0
2006-05-07 - 2006-05-13,0,0,0,0,0
2006-05-14 - 2006-05-20,0,0,0,0,0
2006-05-21 - 2006-05-27,0,0,0,0,0
2006-05-28 - 2006-06-03,0,0,0,0,0
2006-06-04 - 2006-06-10,0,0,0,0,0
2006-06-11 - 2006-06-17,0,0,0,0,0
2006-06-18 - 2006-06-24,0,0,0,0,0
2006-06-25 - 2006-07-01,0,0,0,0,0
2006-07-02 - 2006-07-08,0,0,0,0,0
2006-07-09 - 2006-07-15,0,0,0,0,0
2006-07-16 - 2006-07-22,0,0,0,0,0
2006-07-23 - 2006-07-29,0,0,0,0,0
2006-07-30 - 2006-08-05,0,0,0,0,0
2006-08-06 - 2006-08-12,0,0,0,0,0
2006-08-13 - 2006-08-19,0,0,0,0,0
2006-08-20 - 2006-08-26,0,0,0,0,0
2006-08-27 - 2006-09-02,0,0,0,0,0
2006-09-03 - 2006-09-09,0,0,0,0,0
2006-09-10 - 2006-09-16,0,0,0,0,0
2006-09-17 - 2006-09-23,0,0,0,0,0
2006-09-24 - 2006-09-30,0,0,0,0,0
2006-10-01 - 2006-10-07,0,0,0,0,0
2006-10-08 - 2006-10-14,0,0,0,0,0
2006-10-15 - 2006-10-21,0,0,0,0,0
2006-10-22 - 2006-10-28,0,0,0,0,0
2006-10-29 - 2006-11-04,0,0,0,0,0
2006-11-05 - 2006-11-11,0,0,0,0,0
2006-11-12 - 2006-11-18,0,0,0,0,0
2006-11-19 - 2006-11-25,0,0,0,0,0
2006-11-26 - 2006-12-02,0,0,0,0,0
2006-12-03 - 2006-12-09,0,0,0,0,0
2006-12-10 - 2006-12-16,0,0,0,0,0
2006-12-17 - 2006-12-23,0,0,0,0,0
2006-12-24 - 2006-12-30,0,0,0,0,0
2006-12-31 - 2007-01-06,0,0,0,0,0
2007-01-07 - 2007-01-13,0,0,0,0,0
2007-01-14 - 2007-01-20,0,0,0,0,0
2007-01-21 - 2007-01-27,0,0,0,0,0
2007-01-28 - 2007-02-03,0,0,0,0,0
2007-02-04 - 2007-02-10,0,0,0,0,0
2007-02-11 - 2007-02-17,0,0,0,0,0
2007-02-18 - 2007-02-24,0,0,0,0,0
2007-02-25 - 2007-03-03,0,0,0,0,0
2007-03-04 - 2007-03-10,0,0,0,0,0
2007-03-11 - 2007-03-17,0,0,0,0,0
2007-03-18 - 2007-03-24,0,0,0,0,0
2007-03-25 - 2007-03-31,0,0,0,0,0
2007-04-01 - 2007-04-07,0,0,0,0,0
2007-04-08 - 2007-04-14,0,0,0,0,0
2007-04-15 - 2007-04-21,0,0,0,0,0
2007-04-22 - 2007-04-28,0,0,0,0,0
2007-04-29 - 2007-05-05,0,0,0,0,0
2007-05-06 - 2007-05-12,0,0,0,0,0
2007-05-13 - 2007-05-19,0,0,0,0,0
2007-05-20 - 2007-05-26,0,0,0,0,0
2007-05-27 - 2007-06-02,0,0,0,0,0
2007-06-03 - 2007-06-09,0,0,0,0,0
2007-06-10 - 2007-06-16,0,0,0,0,0
2007-06-17 - 2007-06-23,0,0,0,0,0
2007-06-24 - 2007-06-30,0,0,0,0,0
2007-07-01 - 2007-07-07,0,0,0,0,0
2007-07-08 - 2007-07-14,0,0,0,0,0
2007-07-15 - 2007-07-21,0,0,0,0,0
2007-07-22 - 2007-07-28,0,0,0,0,0
2007-07-29 - 2007-08-04,0,0,0,0,0
2007-08-05 - 2007-08-11,0,0,0,0,0
2007-08-12 - 2007-08-18,0,0,0,0,0
2007-08-19 - 2007-08-25,0,0,0,0,0
2007-08-26 - 2007-09-01,0,0,0,0,0
2007-09-02 - 2007-09-08,0,0,0,0,0
2007-09-09 - 2007-09-15,0,0,0,0,0
2007-09-16 - 2007-09-22,0,0,0,0,0
2007-09-23 - 2007-09-29,0,0,0,0,0
2007-09-30 - 2007-10-06,0,0,0,1,0
2007-10-07 - 2007-10-13,0,0,0,1,0
2007-10-14 - 2007-10-20,0,0,0,3,0
2007-10-21 - 2007-10-27,0,0,0,0,0
2007-10-28 - 2007-11-03,0,0,0,0,0
2007-11-04 - 2007-11-10,0,0,0,0,0
2007-11-11 - 2007-11-17,0,0,0,1,0
2007-11-18 - 2007-11-24,0,0,0,3,0
2007-11-25 - 2007-12-01,0,0,0,0,0
2007-12-02 - 2007-12-08,0,0,0,0,0
2007-12-09 - 2007-12-15,0,0,0,0,0
2007-12-16 - 2007-12-22,0,0,0,0,0
2007-12-23 - 2007-12-29,0,0,0,0,0
2007-12-30 - 2008-01-05,0,0,0,0,0
2008-01-06 - 2008-01-12,0,0,0,0,0
2008-01-13 - 2008-01-19,0,0,0,0,0
2008-01-20 - 2008-01-26,0,0,0,0,0
2008-01-27 - 2008-02-02,0,0,0,0,0
2008-02-03 - 2008-02-09,0,0,0,0,0
2008-02-10 - 2008-02-16,0,0,0,0,0
2008-02-17 - 2008-02-23,0,0,0,0,0
2008-02-24 - 2008-03-01,0,0,0,0,0
2008-03-02 - 2008-03-08,0,0,0,0,0
2008-03-09 - 2008-03-15,0,0,0,0,0
2008-03-16 - 2008-03-22,0,0,0,0,0
2008-03-23 - 2008-03-29,0,0,0,0,0
2008-03-30 - 2008-04-05,0,0,0,0,1
2008-04-06 - 2008-04-12,0,0,0,0,0
2008-04-13 - 2008-04-19,0,0,0,0,1
2008-04-20 - 2008-04-26,0,0,0,0,0
2008-04-27 - 2008-05-03,0,0,0,0,1
2008-05-04 - 2008-05-10,0,0,0,0,1
2008-05-11 - 2008-05-17,0,0,0,0,1
2008-05-18 - 2008-05-24,0,0,0,0,1
2008-05-25 - 2008-05-31,0,0,0,0,1
2008-06-01 - 2008-06-07,0,0,0,0,1
2008-06-08 - 2008-06-14,0,0,0,0,1
2008-06-15 - 2008-06-21,0,0,0,2,1
2008-06-22 - 2008-06-28,0,0,0,0,1
2008-06-29 - 2008-07-05,0,0,0,0,1
2008-07-06 - 2008-07-12,0,0,0,0,1
2008-07-13 - 2008-07-19,0,0,0,0,1
2008-07-20 - 2008-07-26,0,0,0,0,1
2008-07-27 - 2008-08-02,0,0,0,0,1
2008-08-03 - 2008-08-09,0,0,0,0,1
2008-08-10 - 2008-08-16,0,0,0,0,2
2008-08-17 - 2008-08-23,0,0,0,0,2
2008-08-24 - 2008-08-30,0,0,0,0,2
2008-08-31 - 2008-09-06,0,0,0,1,2
2008-09-07 - 2008-09-13,0,0,0,3,2
2008-09-14 - 2008-09-20,0,0,0,1,2
2008-09-21 - 2008-09-27,0,0,0,0,4
2008-09-28 - 2008-10-04,0,0,0,0,4
2008-10-05 - 2008-10-11,0,0,0,1,3
2008-10-12 - 2008-10-18,0,0,0,2,4
2008-10-19 - 2008-10-25,0,0,0,0,4
2008-10-26 - 2008-11-01,0,0,0,0,4
2008-11-02 - 2008-11-08,0,0,0,0,4
2008-11-09 - 2008-11-15,0,0,0,0,5
2008-11-16 - 2008-11-22,0,0,0,0,5
2008-11-23 - 2008-11-29,0,0,0,0,7
2008-11-30 - 2008-12-06,0,0,0,0,8
2008-12-07 - 2008-12-13,0,0,0,0,10
2008-12-14 - 2008-12-20,0,0,0,0,12
2008-12-21 - 2008-12-27,0,0,0,0,16
2008-12-28 - 2009-01-03,0,0,0,0,30
2009-01-04 - 2009-01-10,0,0,0,0,34
2009-01-11 - 2009-01-17,0,0,0,0,31
2009-01-18 - 2009-01-24,0,0,0,0,31
2009-01-25 - 2009-01-31,0,0,0,0,33
2009-02-01 - 2009-02-07,0,0,0,0,33
2009-02-08 - 2009-02-14,0,0,0,0,34
2009-02-15 - 2009-02-21,0,0,0,0,39
2009-02-22 - 2009-02-28,0,0,0,0,36
2009-03-01 - 2009-03-07,0,0,0,0,33
2009-03-08 - 2009-03-14,0,1,0,1,31
2009-03-15 - 2009-03-21,0,0,0,1,32
2009-03-22 - 2009-03-28,0,0,0,1,30
2009-03-29 - 2009-04-04,0,0,0,3,32
2009-04-05 - 2009-04-11,0,0,0,1,39
2009-04-12 - 2009-04-18,0,0,0,1,33
2009-04-19 - 2009-04-25,0,0,0,1,34
2009-04-26 - 2009-05-02,0,1,0,1,34
2009-05-03 - 2009-05-09,0,1,0,1,36
2009-05-10 - 2009-05-16,0,0,0,1,35
2009-05-17 - 2009-05-23,0,1,0,1,34
2009-05-24 - 2009-05-30,0,1,0,1,38
2009-05-31 - 2009-06-06,0,0,0,2,35
2009-06-07 - 2009-06-13,0,0,0,3,33
2009-06-14 - 2009-06-20,0,0,0,1,34
2009-06-21 - 2009-06-27,0,1,0,1,34
2009-06-28 - 2009-07-04,0,1,0,1,36
2009-07-05 - 2009-07-11,0,1,0,1,36
2009-07-12 - 2009-07-18,0,1,0,2,35
2009-07-19 - 2009-07-25,0,1,0,2,39
2009-07-26 - 2009-08-01,0,1,0,2,38
2009-08-02 - 2009-08-08,0,1,0,2,37
2009-08-09 - 2009-08-15,0,1,0,2,37
2009-08-16 - 2009-08-22,0,1,0,2,39
2009-08-23 - 2009-08-29,0,1,0,3,38
2009-08-30 - 2009-09-05,0,1,0,4,35
2009-09-06 - 2009-09-12,0,1,0,7,35
2009-09-13 - 2009-09-19,0,1,0,4,40
2009-09-20 - 2009-09-26,0,1,0,4,41
2009-09-27 - 2009-10-03,0,1,0,4,43
2009-10-04 - 2009-10-10,0,1,0,6,43
2009-10-11 - 2009-10-17,0,1,0,11,43
2009-10-18 - 2009-10-24,0,1,0,6,44
2009-10-25 - 2009-10-31,0,1,0,6,43
2009-11-01 - 2009-11-07,0,2,0,7,44
2009-11-08 - 2009-11-14,0,5,0,8,44
2009-11-15 - 2009-11-21,0,7,0,10,61
2009-11-22 - 2009-11-28,0,6,0,9,49
2009-11-29 - 2009-12-05,0,4,0,13,45
2009-12-06 - 2009-12-12,0,3,0,15,46
2009-12-13 - 2009-12-19,0,2,0,16,43
2009-12-20 - 2009-12-26,0,2,0,20,38
2009-12-27 - 2010-01-02,0,2,0,40,40
2010-01-03 - 2010-01-09,0,2,0,48,29
2010-01-10 - 2010-01-16,0,2,0,43,25
2010-01-17 - 2010-01-23,0,2,1,45,22
2010-01-24 - 2010-01-30,0,1,0,48,21
2010-01-31 - 2010-02-06,0,1,1,52,19
2010-02-07 - 2010-02-13,0,1,1,54,17
2010-02-14 - 2010-02-20,0,1,1,55,18
2010-02-21 - 2010-02-27,0,1,1,60,17
2010-02-28 - 2010-03-06,0,2,1,61,15
2010-03-07 - 2010-03-13,0,1,1,58,15
2010-03-14 - 2010-03-20,0,1,1,58,14
2010-03-21 - 2010-03-27,0,1,1,56,13
2010-03-28 - 2010-04-03,0,1,1,56,13
2010-04-04 - 2010-04-10,0,1,1,52,12
2010-04-11 - 2010-04-17,0,1,1,54,12
2010-04-18 - 2010-04-24,0,1,1,56,11
2010-04-25 - 2010-05-01,0,1,1,54,10
2010-05-02 - 2010-05-08,0,1,1,53,10
2010-05-09 - 2010-05-15,0,1,1,55,9
2010-05-16 - 2010-05-22,0,1,1,57,9
2010-05-23 - 2010-05-29,0,1,1,56,8
2010-05-30 - 2010-06-05,0,1,1,59,8
2010-06-06 - 2010-06-12,0,1,1,82,8
2010-06-13 - 2010-06-19,0,1,1,89,7
2010-06-20 - 2010-06-26,0,0,2,95,7
2010-06-27 - 2010-07-03,0,1,2,82,6
2010-07-04 - 2010-07-10,0,1,2,72,6
2010-07-11 - 2010-07-17,0,1,2,68,5
2010-07-18 - 2010-07-24,0,0,2,58,5
2010-07-25 - 2010-07-31,0,1,3,61,5
2010-08-01 - 2010-08-07,0,1,3,60,5
2010-08-08 - 2010-08-14,0,1,3,62,5
2010-08-15 - 2010-08-21,0,0,3,67,5
2010-08-22 - 2010-08-28,0,0,4,74,4
2010-08-29 - 2010-09-04,0,1,4,70,4
2010-09-05 - 2010-09-11,0,1,4,69,4
2010-09-12 - 2010-09-18,0,0,5,70,4
2010-09-19 - 2010-09-25,0,1,4,65,4
2010-09-26 - 2010-10-02,0,1,5,75,4
2010-10-03 - 2010-10-09,0,1,6,99,3
2010-10-10 - 2010-10-16,0,1,6,57,4
2010-10-17 - 2010-10-23,0,0,7,54,4
2010-10-24 - 2010-10-30,0,1,7,59,4
2010-10-31 - 2010-11-06,0,0,9,63,4
2010-11-07 - 2010-11-13,0,1,10,58,4
2010-11-14 - 2010-11-20,0,1,10,55,4
2010-11-21 - 2010-11-27,0,1,11,50,3
2010-11-28 - 2010-12-04,0,1,12,53,3
2010-12-05 - 2010-12-11,0,1,13,49,3
2010-12-12 - 2010-12-18,0,1,17,46,3
2010-12-19 - 2010-12-25,0,1,19,44,3
2010-12-26 - 2011-01-01,0,1,37,44,3
2011-01-02 - 2011-01-08,0,1,46,32,3
2011-01-09 - 2011-01-15,0,1,46,28,3
2011-01-16 - 2011-01-22,0,1,50,25,3
2011-01-23 - 2011-01-29,0,1,53,22,3
2011-01-30 - 2011-02-05,0,1,56,21,3
2011-02-06 - 2011-02-12,0,1,60,19,2
2011-02-13 - 2011-02-19,0,1,63,19,3
2011-02-20 - 2011-02-26,0,1,78,18,2
2011-02-27 - 2011-03-05,0,1,86,17,2
2011-03-06 - 2011-03-12,0,1,83,15,2
2011-03-13 - 2011-03-19,0,1,81,14,2
2011-03-20 - 2011-03-26,0,1,79,14,2
2011-03-27 - 2011-04-02,0,1,81,13,2
2011-04-03 - 2011-04-09,0,1,100,12,2
2011-04-10 - 2011-04-16,0,1,95,10,2
2011-04-17 - 2011-04-23,0,1,67,10,2
2011-04-24 - 2011-04-30,0,1,62,10,2
2011-05-01 - 2011-05-07,0,1,62,10,2
2011-05-08 - 2011-05-14,0,1,63,9,2
2011-05-15 - 2011-05-21,0,2,66,9,2
2011-05-22 - 2011-05-28,0,2,67,9,2
2011-05-29 - 2011-06-04,0,2,78,8,2
2011-06-05 - 2011-06-11,0,2,78,8,2
2011-06-12 - 2011-06-18,0,2,62,8,2
2011-06-19 - 2011-06-25,0,2,61,7,2
2011-06-26 - 2011-07-02,0,2,67,7,2
2011-07-03 - 2011-07-09,0,2,73,7,2
2011-07-10 - 2011-07-16,0,2,74,7,2
2011-07-17 - 2011-07-23,0,2,70,7,2
2011-07-24 - 2011-07-30,0,3,72,7,2
2011-07-31 - 2011-08-06,0,3,65,7,2
2011-08-07 - 2011-08-13,0,3,64,7,2
2011-08-14 - 2011-08-20,0,3,67,7,2
2011-08-21 - 2011-08-27,0,4,65,6,2
2011-08-28 - 2011-09-03,0,4,68,6,2
2011-09-04 - 2011-09-10,0,4,64,6,2
2011-09-11 - 2011-09-17,0,5,65,7,2
2011-09-18 - 2011-09-24,0,5,61,7,2
2011-09-25 - 2011-10-01,0,5,59,7,2
2011-10-02 - 2011-10-08,0,5,57,7,2
2011-10-09 - 2011-10-15,0,6,55,6,2
2011-10-16 - 2011-10-22,0,5,56,6,2
2011-10-23 - 2011-10-29,0,6,54,6,2
2011-10-30 - 2011-11-05,0,7,55,6,2
2011-11-06 - 2011-11-12,0,8,57,6,2
2011-11-13 - 2011-11-19,0,8,51,6,2
2011-11-20 - 2011-11-26,0,9,54,6,2
2011-11-27 - 2011-12-03,0,11,52,6,2
2011-12-04 - 2011-12-10,0,12,53,6,2
2011-12-11 - 2011-12-17,0,14,48,5,2
2011-12-18 - 2011-12-24,0,18,47,5,2
2011-12-25 - 2011-12-31,0,35,46,5,2
2012-01-01 - 2012-01-07,0,57,36,5,2
2012-01-08 - 2012-01-14,0,49,31,5,2
2012-01-15 - 2012-01-21,0,58,27,5,2
2012-01-22 - 2012-01-28,0,59,26,5,2
2012-01-29 - 2012-02-04,0,57,22,5,2
2012-02-05 - 2012-02-11,0,60,19,5,1
2012-02-12 - 2012-02-18,0,62,18,5,2
2012-02-19 - 2012-02-25,0,57,18,5,1
2012-02-26 - 2012-03-03,0,65,16,5,1
2012-03-04 - 2012-03-10,0,63,14,5,1
2012-03-11 - 2012-03-17,1,61,13,5,1
2012-03-18 - 2012-03-24,1,67,13,5,1
2012-03-25 - 2012-03-31,1,66,12,5,1
2012-04-01 - 2012-04-07,1,66,10,5,1
2012-04-08 - 2012-04-14,1,61,9,5,1
2012-04-15 - 2012-04-21,1,63,8,5,1
2012-04-22 - 2012-04-28,1,64,8,5,1
2012-04-29 - 2012-05-05,1,61,7,5,1
2012-05-06 - 2012-05-12,1,61,7,5,1
2012-05-13 - 2012-05-19,1,65,8,5,1
2012-05-20 - 2012-05-26,1,70,7,5,1
2012-05-27 - 2012-06-02,1,63,8,5,1
2012-06-03 - 2012-06-09,1,66,7,5,1
2012-06-10 - 2012-06-16,1,63,7,5,1
2012-06-17 - 2012-06-23,1,64,7,5,1
2012-06-24 - 2012-06-30,2,66,6,5,1
2012-07-01 - 2012-07-07,2,66,6,5,1
2012-07-08 - 2012-07-14,2,62,6,4,1
2012-07-15 - 2012-07-21,2,62,5,4,1
2012-07-22 - 2012-07-28,2,71,5,4,1
2012-07-29 - 2012-08-04,3,82,5,4,1
2012-08-05 - 2012-08-11,3,81,4,4,1
2012-08-12 - 2012-08-18,3,70,5,4,1
2012-08-19 - 2012-08-25,3,66,5,4,1
2012-08-26 - 2012-09-01,4,65,5,4,1
2012-09-02 - 2012-09-08,4,62,4,4,1
2012-09-09 - 2012-09-15,4,64,5,4,1
2012-09-16 - 2012-09-22,5,69,5,4,1
2012-09-23 - 2012-09-29,5,57,4,4,1
2012-09-30 - 2012-10-06,5,60,4,4,1
2012-10-07 - 2012-10-13,5,57,4,4,1
2012-10-14 - 2012-10-20,5,51,4,4,1
2012-10-21 - 2012-10-27,6,50,4,4,1
2012-10-28 - 2012-11-03,6,51,3,4,1
2012-11-04 - 2012-11-10,7,52,3,4,1
2012-11-11 - 2012-11-17,8,54,3,4,1
2012-11-18 - 2012-11-24,9,51,3,4,1
2012-11-25 - 2012-12-01,11,55,3,4,1
2012-12-02 - 2012-12-08,12,53,3,4,1
2012-12-09 - 2012-12-15,13,54,3,3,1
2012-12-16 - 2012-12-22,15,56,3,3,1
2012-12-23 - 2012-12-29,25,42,3,3,1
2012-12-30 - 2013-01-05,61,40,3,3,1
2013-01-06 - 2013-01-12,60,34,3,3,1
2013-01-13 - 2013-01-19, , , , , 
2013-01-20 - 2013-01-26, , , , , 
2013-01-27 - 2013-02-02, , , , , 


Top subregions for 2013
Subregion,2013,2012,2011,2010,2009
Ucayali,100,100,21,50,0
Huánuco,73,100,13,39,0
Ica,41,80,25,35,14
Cajamarca,37,57,68,54,21
Loreto,36,53,98,71,32
El Callao,35,73,21,39,15
Tacna,34,57,75,52,23
Puno,32,63,84,57,24
Ancash,29,47,60,48,23
Piura,28,49,65,46,20
Cuzco,28,67,40,34,15
Arequipa,28,46,72,56,29
Junín,26,46,71,56,21
La Libertad,14,46,75,54,23
Lambayeque,13,42,71,51,23
Lima,7,21,40,100,100
Ayacucho,0,0,0,0,0
Huancavelica,0,0,0,0,0
Moquegua,0,24,55,0,0
Pasco,0,68,0,0,0
San Martín,0,32,100,0,0

Top subregions for 2012
Subregion,2013,2012,2011,2010,2009
Ucayali,100,100,21,50,0
Huánuco,73,100,13,39,0
Ica,41,80,25,35,14
El Callao,35,73,21,39,15
Pasco,0,68,0,0,0
Cuzco,28,67,40,34,15
Puno,32,63,84,57,24
Tacna,34,57,75,52,23
Cajamarca,37,57,68,54,21
Loreto,36,53,98,71,32
Piura,28,49,65,46,20
Ancash,29,47,60,48,23
Arequipa,28,46,72,56,29
Junín,26,46,71,56,21
La Libertad,14,46,75,54,23
Lambayeque,13,42,71,51,23
San Martín,0,32,100,0,0
Moquegua,0,24,55,0,0
Lima,7,21,40,100,100
Ayacucho,0,0,0,0,0
Huancavelica,0,0,0,0,0

Top subregions for 2011
Subregion,2013,2012,2011,2010,2009
San Martín,0,32,100,0,0
Loreto,36,53,98,71,32
Puno,32,63,84,57,24
La Libertad,14,46,75,54,23
Tacna,34,57,75,52,23
Arequipa,28,46,72,56,29
Junín,26,46,71,56,21
Lambayeque,13,42,71,51,23
Cajamarca,37,57,68,54,21
Piura,28,49,65,46,20
Ancash,29,47,60,48,23
Moquegua,0,24,55,0,0
Cuzco,28,67,40,34,15
Lima,7,21,40,100,100
Ica,41,80,25,35,14
Ucayali,100,100,21,50,0
El Callao,35,73,21,39,15
Huánuco,73,100,13,39,0
Ayacucho,0,0,0,0,0
Huancavelica,0,0,0,0,0
Pasco,0,68,0,0,0

Top subregions for 2010
Subregion,2013,2012,2011,2010,2009
Lima,7,21,40,100,100
Loreto,36,53,98,71,32
Puno,32,63,84,57,24
Arequipa,28,46,72,56,29
Junín,26,46,71,56,21
La Libertad,14,46,75,54,23
Cajamarca,37,57,68,54,21
Tacna,34,57,75,52,23
Lambayeque,13,42,71,51,23
Ucayali,100,100,21,50,0
Ancash,29,47,60,48,23
Piura,28,49,65,46,20
Huánuco,73,100,13,39,0
El Callao,35,73,21,39,15
Ica,41,80,25,35,14
Cuzco,28,67,40,34,15
Ayacucho,0,0,0,0,0
Huancavelica,0,0,0,0,0
Moquegua,0,24,55,0,0
Pasco,0,68,0,0,0
San Martín,0,32,100,0,0

Top subregions for 2009
Subregion,2013,2012,2011,2010,2009
Lima,7,21,40,100,100
Loreto,36,53,98,71,32
Arequipa,28,46,72,56,29
Puno,32,63,84,57,24
Tacna,34,57,75,52,23
Ancash,29,47,60,48,23
La Libertad,14,46,75,54,23
Lambayeque,13,42,71,51,23
Cajamarca,37,57,68,54,21
Junín,26,46,71,56,21
Piura,28,49,65,46,20
Cuzco,28,67,40,34,15
El Callao,35,73,21,39,15
Ica,41,80,25,35,14
Ayacucho,0,0,0,0,0
Huánuco,73,100,13,39,0
Huancavelica,0,0,0,0,0
Moquegua,0,24,55,0,0
Pasco,0,68,0,0,0
San Martín,0,32,100,0,0
Ucayali,100,100,21,50,0


Top cities for 2013
City,2013
Cajamarca,100
Cuzco,91
Tacna,90
Piura,80
Arequipa,80
Chimbote,77
Huancayo,75
Juliaca,64
Trujillo,42
Chiclayo,37
Lima,2

Top cities for 2012
City,2012
Ica,100
Tacna,78
Juliaca,75
Cajamarca,74
Cuzco,73
Piura,69
Arequipa,67
Trujillo,64
Huancayo,63
Chimbote,61
Chiclayo,58
Lima,6

Top cities for 2011
City,2011
Juliaca,100
Trujillo,86
Arequipa,82
Huancayo,79
Tacna,78
Chiclayo,77
Cajamarca,71
Cuzco,70
Piura,68
Chimbote,64
Lima,57

Top cities for 2010
City,2010
Lima,100
Arequipa,42
Trujillo,39
Huancayo,39
Chiclayo,37
Piura,32

Top cities for 2009
City,2009
Lima,100
Arequipa,22



Top searches for 2013
año 2013,100
pes 2013,60
dakar,45
dakar 2013,40
año nuevo 2013,40
calendario 2013,30
calendario,30
verano 2013,25
año 2013 peru,20
feliz 2013,15
dragon ball 2013,15
hyundai,15
horoscopo 2013,15
office 2013,15
pes 2012,15
feliz año 2013,15
autocad 2013,10
kia,10
presupuesto 2013,10
moda 2013,10
feriados 2013,10
santa fe 2013,10
descargar pes 2013,10
calendario 2013 peru,10
fifa 2013,10
semana santa 2013,10
hyundai santa fe,5
predicciones 2013,5
practicas profesionales 2013,5
feriados 2013 peru,5
unsa,5
hyundai peru,5
ford,5
calendario 2012,5
copa libertadores 2013,5
horoscopo chino,5
moda verano 2013,5
champions league 2013,5
horoscopo chino 2013,5
rally dakar 2013,5
tuneup 2013,5
pes 2013 ps2,5
cerato 2013,5
ruta dakar 2013,5


Top searches for 2012
año 2012,100
musica,60
musica 2012,55
2012 año de,45
calendario 2012,45
pes 2012,40
sunat,35
londres 2012,35
comercio,30
nod32,30
barcelona,30
año 2012 peru,25
real madrid,25
el comercio,25
atube catcher,25
atube catcher 2012,20
eurocopa 2012,20
olimpiadas 2012,20
descentralizado 2012,15
feriados 2012,15
horoscopo,15
pnp,15
el peruano,15
toyota,15
reggaeton,15
reggaeton 2012,15
copa libertadores 2012,15
computrabajo,15
alianza lima,15
convocatoria cas 2012,15
rpp,15
minedu,15
corazon serrano,15
copa peru 2012,15
corazon serrano 2012,15
hyundai,10
olimpiadas londres 2012,10
essalud,10
descargar musica,10
inei,10
semana santa 2012,10
autocad 2012,10
la republica,10
combate,10
futbol peruano,10
fonavi,10
champions league 2012,10
uni,10
dakar 2012,10
poder judicial,10


Top searches for 2011
elecciones 2011,100
año 2011,90
musica,85
copa america,70
onpe 2011,70
onpe,65
copa america 2011,65
taringa,60
sunat,50
calendario,50
calendario 2011,45
messenger 2011,45
comercio,45
pes 2011,45
messenger,45
peliculas 2011,40
copa peru 2011,35
peliculas,35
msn 2011,35
reggaeton 2011,35
el comercio,35
donde votar,30
encuestas presidenciales 2011,30
elecciones 2011 peru,30
elecciones presidenciales 2011,30
wikipedia,30
minedu,25
atube catcher 2011,25
el peruano,25
atube catcher,25
reniec,20
pnp,20
horoscopo,20
horoscopo 2011,20
descargar messenger 2011,20
windows live messenger,20
rpp,20
alianza lima,20
real madrid,20
descentralizado 2011,15
essalud,15
descargar musica,15
el comercio peru,15
autocad 2011,15
futbol peruano,15
descargar msn 2011,15
copa libertadores 2011,15
4shared,15
fuerza 2011,15
teleticket,15


Top searches for 2010
peru,100
mundial 2010,30
office 2010,30
sudafrica 2010,25
elecciones 2010,20
taringa,20
año 2010,15
mundial sudafrica 2010,15
microsoft,15
musica 2010,15
elecciones municipales 2010,10
onpe 2010,10
onpe,10
word 2010,10
excel 2010,10
calendario 2010,10
microsoft office 2010,10
messenger,10
pes 2010,5
noticias,5
autocad 2010,5
minedu,5
copa libertadores 2010,5
año 2010 peru,5
windows live messenger,5
el peruano,5
reggaeton 2010,5
office 2010 español,5
resultados elecciones 2010,5
horoscopo 2010,5
fifa 2010,5
visual studio 2010,5
reniec,5
copa peru 2010,5
office 2010 taringa,5
alianza lima,5
futbol peruano,5
inei,5
jne,5
descargar msn 2010,5
eliminatorias sudafrica 2010,5
pnp,5
descentralizado 2010,5
powerpoint 2010,0
minedu nombramiento 2010,0


Top searches for 2009
messenger 2009,100
messenger,100
año 2009,85
año,85
msn,80
msn 2009,80
messenger live 2009,55
windows live 2009,55
windows live messenger,45
2009 año de,45
calendario 2009,40
taringa,40
descargar messenger,40
descargar messenger 2009,40
descargar msn 2009,35
descargar msn,35
minedu,30
horoscopo 2009,25
horoscopo,25
el peruano,25
autocad 2009,25
pes 2009,20
moda 2009,20
pnp,20
minedu nombramiento 2009,15
ministerio de educacion,15
futbol peruano 2009,15
futbol peruano,15
copa peru 2009,15
msn plus,15
san marcos,15
msn plus 2009,15
alianza lima 2009,15
reggaeton 2009,15
inei,10
copa libertadores 2009,10
dcn 2009,10
fifa 2009,10
dcn,10
encarta 2009,10
tuneup 2009,10
uit 2009,10
diseño curricular 2009,10



Rising searches for 2013
año 2013,Breakout
año 2013 peru,Breakout
año nuevo 2013,Breakout
calendario,Breakout
calendario 2013,Breakout
dakar,Breakout
dakar 2013,Breakout
feliz 2013,Breakout
pes 2013,Breakout
verano 2013,Breakout


Rising searches for 2012
2012 año de,Breakout
año 2012,Breakout
calendario 2012,Breakout
comercio,Breakout
londres 2012,Breakout
musica,Breakout
musica 2012,Breakout
nod32,Breakout
pes 2012,Breakout
sunat,Breakout


Rising searches for 2011
año 2011,Breakout
calendario,Breakout
copa america,Breakout
copa america 2011,Breakout
elecciones 2011,Breakout
musica,Breakout
onpe,Breakout
onpe 2011,Breakout
sunat,Breakout
taringa,Breakout


Rising searches for 2010
año 2010,Breakout
elecciones 2010,Breakout
microsoft,Breakout
mundial 2010,Breakout
mundial sudafrica 2010,Breakout
musica 2010,Breakout
office 2010,Breakout
peru,Breakout
sudafrica 2010,Breakout
taringa,Breakout


Rising searches for 2009
2009 año de,Breakout
año,Breakout
año 2009,Breakout
calendario 2009,Breakout
messenger,Breakout
messenger 2009,Breakout
messenger live 2009,Breakout
msn,Breakout
msn 2009,Breakout
windows live 2009,Breakout



