Web Search Interest: 2013; 2012; 2011; 2010; 2009
Ukraine; 2004 - present

Interest over time
Week,2013,2012,2011,2010,2009
2004-01-04 - 2004-01-10,0,0,0,0,0
2004-01-11 - 2004-01-17,0,0,0,0,0
2004-01-18 - 2004-01-24,0,0,0,0,0
2004-01-25 - 2004-01-31,0,0,0,0,0
2004-02-01 - 2004-02-07,0,0,0,0,0
2004-02-08 - 2004-02-14,0,0,0,0,0
2004-02-15 - 2004-02-21,0,0,0,0,0
2004-02-22 - 2004-02-28,0,0,0,0,0
2004-02-29 - 2004-03-06,0,0,0,0,0
2004-03-07 - 2004-03-13,0,0,0,0,0
2004-03-14 - 2004-03-20,0,0,0,0,0
2004-03-21 - 2004-03-27,0,0,0,0,0
2004-03-28 - 2004-04-03,0,0,0,0,0
2004-04-04 - 2004-04-10,0,0,0,0,0
2004-04-11 - 2004-04-17,0,0,0,0,0
2004-04-18 - 2004-04-24,0,0,0,0,0
2004-04-25 - 2004-05-01,0,0,0,0,0
2004-05-02 - 2004-05-08,0,0,0,0,0
2004-05-09 - 2004-05-15,0,0,0,0,0
2004-05-16 - 2004-05-22,0,0,0,0,0
2004-05-23 - 2004-05-29,0,0,0,0,0
2004-05-30 - 2004-06-05,0,0,0,0,0
2004-06-06 - 2004-06-12,0,0,0,0,0
2004-06-13 - 2004-06-19,0,0,0,0,0
2004-06-20 - 2004-06-26,0,0,0,0,0
2004-06-27 - 2004-07-03,0,0,0,0,0
2004-07-04 - 2004-07-10,0,0,0,0,0
2004-07-11 - 2004-07-17,0,0,0,0,0
2004-07-18 - 2004-07-24,0,0,0,0,0
2004-07-25 - 2004-07-31,0,0,0,0,0
2004-08-01 - 2004-08-07,0,0,0,0,0
2004-08-08 - 2004-08-14,0,0,0,0,0
2004-08-15 - 2004-08-21,0,0,0,0,0
2004-08-22 - 2004-08-28,0,0,0,0,0
2004-08-29 - 2004-09-04,0,0,0,0,0
2004-09-05 - 2004-09-11,0,0,0,0,0
2004-09-12 - 2004-09-18,0,0,0,0,0
2004-09-19 - 2004-09-25,0,0,0,0,0
2004-09-26 - 2004-10-02,0,0,0,0,0
2004-10-03 - 2004-10-09,0,0,0,0,0
2004-10-10 - 2004-10-16,0,0,0,0,0
2004-10-17 - 2004-10-23,0,0,0,0,0
2004-10-24 - 2004-10-30,0,0,0,0,0
2004-10-31 - 2004-11-06,0,0,0,0,0
2004-11-07 - 2004-11-13,0,0,0,0,0
2004-11-14 - 2004-11-20,0,0,0,0,0
2004-11-21 - 2004-11-27,0,0,0,0,0
2004-11-28 - 2004-12-04,0,0,0,0,0
2004-12-05 - 2004-12-11,0,0,0,0,0
2004-12-12 - 2004-12-18,0,0,0,0,0
2004-12-19 - 2004-12-25,0,0,0,0,0
2004-12-26 - 2005-01-01,0,0,0,0,0
2005-01-02 - 2005-01-08,0,0,0,0,0
2005-01-09 - 2005-01-15,0,0,0,0,0
2005-01-16 - 2005-01-22,0,0,0,0,0
2005-01-23 - 2005-01-29,0,0,0,0,0
2005-01-30 - 2005-02-05,0,0,0,0,0
2005-02-06 - 2005-02-12,0,0,0,0,0
2005-02-13 - 2005-02-19,0,0,0,0,0
2005-02-20 - 2005-02-26,0,0,0,0,0
2005-02-27 - 2005-03-05,0,0,0,0,0
2005-03-06 - 2005-03-12,0,0,0,0,0
2005-03-13 - 2005-03-19,0,0,0,0,0
2005-03-20 - 2005-03-26,0,0,0,0,0
2005-03-27 - 2005-04-02,0,0,0,0,0
2005-04-03 - 2005-04-09,0,0,0,0,0
2005-04-10 - 2005-04-16,0,0,0,0,0
2005-04-17 - 2005-04-23,0,0,0,0,0
2005-04-24 - 2005-04-30,0,0,0,0,0
2005-05-01 - 2005-05-07,0,0,0,0,0
2005-05-08 - 2005-05-14,0,0,0,0,0
2005-05-15 - 2005-05-21,0,0,0,0,0
2005-05-22 - 2005-05-28,0,0,0,0,0
2005-05-29 - 2005-06-04,0,0,0,0,0
2005-06-05 - 2005-06-11,0,0,0,0,0
2005-06-12 - 2005-06-18,0,0,0,0,0
2005-06-19 - 2005-06-25,0,0,0,0,0
2005-06-26 - 2005-07-02,0,0,0,0,0
2005-07-03 - 2005-07-09,0,0,0,0,0
2005-07-10 - 2005-07-16,0,0,0,0,0
2005-07-17 - 2005-07-23,0,0,0,0,0
2005-07-24 - 2005-07-30,0,0,0,0,0
2005-07-31 - 2005-08-06,0,0,0,0,0
2005-08-07 - 2005-08-13,0,0,0,0,0
2005-08-14 - 2005-08-20,0,0,0,0,0
2005-08-21 - 2005-08-27,0,0,0,0,0
2005-08-28 - 2005-09-03,0,0,0,0,0
2005-09-04 - 2005-09-10,0,0,0,0,0
2005-09-11 - 2005-09-17,0,0,0,0,0
2005-09-18 - 2005-09-24,0,0,0,0,0
2005-09-25 - 2005-10-01,0,0,0,0,0
2005-10-02 - 2005-10-08,0,0,0,0,0
2005-10-09 - 2005-10-15,0,0,0,0,0
2005-10-16 - 2005-10-22,0,0,0,0,0
2005-10-23 - 2005-10-29,0,0,0,0,0
2005-10-30 - 2005-11-05,0,0,0,0,0
2005-11-06 - 2005-11-12,0,0,0,0,0
2005-11-13 - 2005-11-19,0,0,0,0,0
2005-11-20 - 2005-11-26,0,0,0,0,0
2005-11-27 - 2005-12-03,0,0,0,0,0
2005-12-04 - 2005-12-10,0,0,0,0,0
2005-12-11 - 2005-12-17,0,0,0,0,0
2005-12-18 - 2005-12-24,0,0,0,0,0
2005-12-25 - 2005-12-31,0,0,0,0,0
2006-01-01 - 2006-01-07,0,0,0,0,0
2006-01-08 - 2006-01-14,0,0,0,0,0
2006-01-15 - 2006-01-21,0,0,0,0,0
2006-01-22 - 2006-01-28,0,0,0,0,0
2006-01-29 - 2006-02-04,0,0,0,0,0
2006-02-05 - 2006-02-11,0,0,0,0,0
2006-02-12 - 2006-02-18,0,0,0,0,0
2006-02-19 - 2006-02-25,0,0,0,0,0
2006-02-26 - 2006-03-04,0,0,0,0,0
2006-03-05 - 2006-03-11,0,0,0,0,0
2006-03-12 - 2006-03-18,0,0,0,0,0
2006-03-19 - 2006-03-25,0,0,0,0,0
2006-03-26 - 2006-04-01,0,0,0,0,0
2006-04-02 - 2006-04-08,0,0,0,0,0
2006-04-09 - 2006-04-15,0,0,0,0,0
2006-04-16 - 2006-04-22,0,0,0,0,0
2006-04-23 - 2006-04-29,0,0,0,0,0
2006-04-30 - 2006-05-06,0,0,0,0,0
2006-05-07 - 2006-05-13,0,0,0,0,0
2006-05-14 - 2006-05-20,0,0,0,0,0
2006-05-21 - 2006-05-27,0,0,0,0,0
2006-05-28 - 2006-06-03,0,0,0,0,0
2006-06-04 - 2006-06-10,0,0,0,0,0
2006-06-11 - 2006-06-17,0,0,0,0,0
2006-06-18 - 2006-06-24,0,0,0,0,0
2006-06-25 - 2006-07-01,0,0,0,0,0
2006-07-02 - 2006-07-08,0,0,0,0,0
2006-07-09 - 2006-07-15,0,0,0,0,0
2006-07-16 - 2006-07-22,0,0,0,0,0
2006-07-23 - 2006-07-29,0,0,0,0,0
2006-07-30 - 2006-08-05,0,0,0,0,0
2006-08-06 - 2006-08-12,0,0,0,0,0
2006-08-13 - 2006-08-19,0,0,0,0,0
2006-08-20 - 2006-08-26,0,0,0,0,0
2006-08-27 - 2006-09-02,0,0,0,0,0
2006-09-03 - 2006-09-09,0,0,0,0,0
2006-09-10 - 2006-09-16,0,0,0,0,0
2006-09-17 - 2006-09-23,0,0,0,0,0
2006-09-24 - 2006-09-30,0,0,0,0,0
2006-10-01 - 2006-10-07,0,0,0,0,0
2006-10-08 - 2006-10-14,0,0,0,0,0
2006-10-15 - 2006-10-21,0,0,0,0,0
2006-10-22 - 2006-10-28,0,0,0,0,0
2006-10-29 - 2006-11-04,0,0,0,0,0
2006-11-05 - 2006-11-11,0,0,0,0,0
2006-11-12 - 2006-11-18,0,0,0,0,0
2006-11-19 - 2006-11-25,0,0,0,0,0
2006-11-26 - 2006-12-02,0,0,0,0,0
2006-12-03 - 2006-12-09,0,0,0,0,0
2006-12-10 - 2006-12-16,0,0,0,0,0
2006-12-17 - 2006-12-23,0,0,0,0,0
2006-12-24 - 2006-12-30,0,0,0,0,0
2006-12-31 - 2007-01-06,0,0,0,0,0
2007-01-07 - 2007-01-13,0,0,0,0,0
2007-01-14 - 2007-01-20,0,0,0,0,0
2007-01-21 - 2007-01-27,0,0,0,0,0
2007-01-28 - 2007-02-03,0,0,0,0,0
2007-02-04 - 2007-02-10,0,0,0,0,0
2007-02-11 - 2007-02-17,0,0,0,0,0
2007-02-18 - 2007-02-24,0,0,0,0,0
2007-02-25 - 2007-03-03,0,0,0,0,0
2007-03-04 - 2007-03-10,0,0,0,0,0
2007-03-11 - 2007-03-17,0,0,0,0,0
2007-03-18 - 2007-03-24,0,0,0,0,0
2007-03-25 - 2007-03-31,0,0,0,0,0
2007-04-01 - 2007-04-07,0,0,0,0,0
2007-04-08 - 2007-04-14,0,0,0,0,0
2007-04-15 - 2007-04-21,0,4,0,0,0
2007-04-22 - 2007-04-28,0,1,0,0,0
2007-04-29 - 2007-05-05,0,0,0,0,0
2007-05-06 - 2007-05-12,0,0,0,0,0
2007-05-13 - 2007-05-19,0,0,0,0,0
2007-05-20 - 2007-05-26,0,0,0,0,0
2007-05-27 - 2007-06-02,0,0,0,0,0
2007-06-03 - 2007-06-09,0,1,0,0,0
2007-06-10 - 2007-06-16,0,0,0,0,0
2007-06-17 - 2007-06-23,0,0,0,0,0
2007-06-24 - 2007-06-30,0,0,0,0,0
2007-07-01 - 2007-07-07,0,0,0,0,0
2007-07-08 - 2007-07-14,0,0,0,0,0
2007-07-15 - 2007-07-21,0,0,0,0,0
2007-07-22 - 2007-07-28,0,0,0,0,0
2007-07-29 - 2007-08-04,0,0,0,0,0
2007-08-05 - 2007-08-11,0,0,0,0,0
2007-08-12 - 2007-08-18,0,0,0,0,0
2007-08-19 - 2007-08-25,0,0,0,0,0
2007-08-26 - 2007-09-01,0,0,0,0,0
2007-09-02 - 2007-09-08,0,0,0,0,0
2007-09-09 - 2007-09-15,0,0,0,0,0
2007-09-16 - 2007-09-22,0,0,0,0,0
2007-09-23 - 2007-09-29,0,0,0,0,0
2007-09-30 - 2007-10-06,0,0,0,0,0
2007-10-07 - 2007-10-13,0,0,0,0,0
2007-10-14 - 2007-10-20,0,0,0,0,0
2007-10-21 - 2007-10-27,0,0,0,0,0
2007-10-28 - 2007-11-03,0,0,0,0,0
2007-11-04 - 2007-11-10,0,0,0,0,0
2007-11-11 - 2007-11-17,0,0,0,0,0
2007-11-18 - 2007-11-24,0,0,0,0,0
2007-11-25 - 2007-12-01,0,0,0,1,0
2007-12-02 - 2007-12-08,0,0,0,0,0
2007-12-09 - 2007-12-15,0,0,0,0,0
2007-12-16 - 2007-12-22,0,0,0,0,0
2007-12-23 - 2007-12-29,0,0,0,0,0
2007-12-30 - 2008-01-05,0,0,0,0,0
2008-01-06 - 2008-01-12,0,0,0,0,0
2008-01-13 - 2008-01-19,0,0,0,0,0
2008-01-20 - 2008-01-26,0,0,0,0,0
2008-01-27 - 2008-02-02,0,0,0,0,0
2008-02-03 - 2008-02-09,0,0,0,0,0
2008-02-10 - 2008-02-16,0,0,0,0,0
2008-02-17 - 2008-02-23,0,0,0,0,0
2008-02-24 - 2008-03-01,0,0,0,0,0
2008-03-02 - 2008-03-08,0,0,0,0,0
2008-03-09 - 2008-03-15,0,0,0,0,1
2008-03-16 - 2008-03-22,0,0,0,0,0
2008-03-23 - 2008-03-29,0,0,0,0,1
2008-03-30 - 2008-04-05,0,0,0,0,1
2008-04-06 - 2008-04-12,0,0,0,0,1
2008-04-13 - 2008-04-19,0,0,0,0,1
2008-04-20 - 2008-04-26,0,0,0,0,1
2008-04-27 - 2008-05-03,0,0,0,0,1
2008-05-04 - 2008-05-10,0,0,0,0,1
2008-05-11 - 2008-05-17,0,0,0,0,1
2008-05-18 - 2008-05-24,0,0,0,0,1
2008-05-25 - 2008-05-31,0,0,0,0,1
2008-06-01 - 2008-06-07,0,0,0,0,1
2008-06-08 - 2008-06-14,0,1,0,0,1
2008-06-15 - 2008-06-21,0,0,0,0,1
2008-06-22 - 2008-06-28,0,0,0,0,1
2008-06-29 - 2008-07-05,0,1,0,0,2
2008-07-06 - 2008-07-12,0,0,0,0,1
2008-07-13 - 2008-07-19,0,0,0,0,2
2008-07-20 - 2008-07-26,0,0,0,0,2
2008-07-27 - 2008-08-02,0,0,0,0,2
2008-08-03 - 2008-08-09,0,0,0,0,2
2008-08-10 - 2008-08-16,0,0,0,0,2
2008-08-17 - 2008-08-23,0,0,0,0,2
2008-08-24 - 2008-08-30,0,0,0,0,3
2008-08-31 - 2008-09-06,0,0,0,1,3
2008-09-07 - 2008-09-13,0,0,0,2,3
2008-09-14 - 2008-09-20,0,0,0,0,4
2008-09-21 - 2008-09-27,0,0,0,0,4
2008-09-28 - 2008-10-04,0,0,0,0,5
2008-10-05 - 2008-10-11,0,0,0,1,5
2008-10-12 - 2008-10-18,0,0,0,1,6
2008-10-19 - 2008-10-25,0,0,0,0,6
2008-10-26 - 2008-11-01,0,0,0,0,6
2008-11-02 - 2008-11-08,0,0,0,0,7
2008-11-09 - 2008-11-15,0,0,0,0,7
2008-11-16 - 2008-11-22,0,0,0,0,8
2008-11-23 - 2008-11-29,0,0,0,0,10
2008-11-30 - 2008-12-06,0,0,0,0,10
2008-12-07 - 2008-12-13,0,0,0,0,13
2008-12-14 - 2008-12-20,0,0,0,0,16
2008-12-21 - 2008-12-27,0,0,0,0,23
2008-12-28 - 2009-01-03,0,0,0,0,35
2009-01-04 - 2009-01-10,0,0,0,0,25
2009-01-11 - 2009-01-17,0,0,0,0,22
2009-01-18 - 2009-01-24,0,0,0,0,25
2009-01-25 - 2009-01-31,0,0,0,0,23
2009-02-01 - 2009-02-07,0,1,0,0,23
2009-02-08 - 2009-02-14,0,0,0,0,23
2009-02-15 - 2009-02-21,0,0,0,0,25
2009-02-22 - 2009-02-28,0,0,0,0,27
2009-03-01 - 2009-03-07,0,0,0,0,26
2009-03-08 - 2009-03-14,0,0,0,1,27
2009-03-15 - 2009-03-21,0,0,0,0,26
2009-03-22 - 2009-03-28,0,0,0,1,25
2009-03-29 - 2009-04-04,0,0,0,2,26
2009-04-05 - 2009-04-11,0,0,0,1,26
2009-04-12 - 2009-04-18,0,0,0,1,27
2009-04-19 - 2009-04-25,0,0,0,1,26
2009-04-26 - 2009-05-02,0,1,0,1,27
2009-05-03 - 2009-05-09,0,1,0,1,34
2009-05-10 - 2009-05-16,0,2,0,1,50
2009-05-17 - 2009-05-23,0,1,0,1,57
2009-05-24 - 2009-05-30,0,1,0,1,36
2009-05-31 - 2009-06-06,0,1,0,2,35
2009-06-07 - 2009-06-13,0,1,0,3,31
2009-06-14 - 2009-06-20,0,1,0,1,31
2009-06-21 - 2009-06-27,0,1,0,1,29
2009-06-28 - 2009-07-04,0,1,0,1,29
2009-07-05 - 2009-07-11,0,1,0,1,28
2009-07-12 - 2009-07-18,0,1,0,1,28
2009-07-19 - 2009-07-25,0,1,0,2,30
2009-07-26 - 2009-08-01,0,1,0,2,32
2009-08-02 - 2009-08-08,0,1,0,2,31
2009-08-09 - 2009-08-15,0,1,0,2,28
2009-08-16 - 2009-08-22,0,1,0,2,29
2009-08-23 - 2009-08-29,0,1,0,3,32
2009-08-30 - 2009-09-05,0,1,0,4,27
2009-09-06 - 2009-09-12,0,1,0,6,28
2009-09-13 - 2009-09-19,0,1,0,5,29
2009-09-20 - 2009-09-26,0,1,0,5,29
2009-09-27 - 2009-10-03,0,2,0,6,31
2009-10-04 - 2009-10-10,0,2,0,7,29
2009-10-11 - 2009-10-17,0,2,0,10,26
2009-10-18 - 2009-10-24,0,2,0,10,28
2009-10-25 - 2009-10-31,0,3,0,8,31
2009-11-01 - 2009-11-07,0,6,0,9,30
2009-11-08 - 2009-11-14,0,13,0,10,27
2009-11-15 - 2009-11-21,0,11,0,13,29
2009-11-22 - 2009-11-28,0,6,0,13,28
2009-11-29 - 2009-12-05,0,4,0,16,28
2009-12-06 - 2009-12-12,0,3,0,17,27
2009-12-13 - 2009-12-19,0,3,0,20,27
2009-12-20 - 2009-12-26,0,2,0,25,24
2009-12-27 - 2010-01-02,0,2,0,44,23
2010-01-03 - 2010-01-09,0,2,0,32,23
2010-01-10 - 2010-01-16,0,1,0,31,19
2010-01-17 - 2010-01-23,0,1,0,46,17
2010-01-24 - 2010-01-30,0,1,0,29,16
2010-01-31 - 2010-02-06,0,1,0,34,14
2010-02-07 - 2010-02-13,0,2,0,53,13
2010-02-14 - 2010-02-20,0,1,0,39,13
2010-02-21 - 2010-02-27,0,1,0,36,12
2010-02-28 - 2010-03-06,0,1,0,35,12
2010-03-07 - 2010-03-13,0,1,0,38,11
2010-03-14 - 2010-03-20,0,1,0,40,10
2010-03-21 - 2010-03-27,0,1,0,41,9
2010-03-28 - 2010-04-03,0,2,1,38,10
2010-04-04 - 2010-04-10,0,1,1,38,9
2010-04-11 - 2010-04-17,0,1,1,37,8
2010-04-18 - 2010-04-24,0,1,1,38,8
2010-04-25 - 2010-05-01,0,1,1,43,7
2010-05-02 - 2010-05-08,0,1,1,46,8
2010-05-09 - 2010-05-15,0,1,1,47,7
2010-05-16 - 2010-05-22,0,1,1,46,7
2010-05-23 - 2010-05-29,0,1,1,59,7
2010-05-30 - 2010-06-05,0,1,1,62,7
2010-06-06 - 2010-06-12,0,1,1,58,6
2010-06-13 - 2010-06-19,0,1,1,64,6
2010-06-20 - 2010-06-26,0,1,1,61,5
2010-06-27 - 2010-07-03,0,1,1,63,5
2010-07-04 - 2010-07-10,0,1,1,58,4
2010-07-11 - 2010-07-17,0,1,2,50,4
2010-07-18 - 2010-07-24,0,1,2,47,4
2010-07-25 - 2010-07-31,0,1,2,50,4
2010-08-01 - 2010-08-07,0,1,2,49,3
2010-08-08 - 2010-08-14,0,1,2,48,3
2010-08-15 - 2010-08-21,0,1,3,44,3
2010-08-22 - 2010-08-28,0,1,4,51,3
2010-08-29 - 2010-09-04,0,1,4,46,3
2010-09-05 - 2010-09-11,0,1,4,45,3
2010-09-12 - 2010-09-18,0,1,5,40,3
2010-09-19 - 2010-09-25,0,1,5,40,3
2010-09-26 - 2010-10-02,0,1,6,41,3
2010-10-03 - 2010-10-09,0,1,6,38,3
2010-10-10 - 2010-10-16,0,1,6,37,3
2010-10-17 - 2010-10-23,0,1,6,37,3
2010-10-24 - 2010-10-30,0,1,7,39,3
2010-10-31 - 2010-11-06,0,1,8,46,2
2010-11-07 - 2010-11-13,0,1,9,37,3
2010-11-14 - 2010-11-20,0,1,10,36,2
2010-11-21 - 2010-11-27,0,1,12,37,3
2010-11-28 - 2010-12-04,0,1,15,35,3
2010-12-05 - 2010-12-11,0,1,16,35,2
2010-12-12 - 2010-12-18,0,1,20,34,2
2010-12-19 - 2010-12-25,0,1,25,34,2
2010-12-26 - 2011-01-01,0,1,43,29,2
2011-01-02 - 2011-01-08,0,1,27,27,2
2011-01-09 - 2011-01-15,0,1,26,24,2
2011-01-16 - 2011-01-22,0,1,27,22,2
2011-01-23 - 2011-01-29,0,1,26,20,2
2011-01-30 - 2011-02-05,0,2,29,19,2
2011-02-06 - 2011-02-12,0,1,29,16,2
2011-02-13 - 2011-02-19,0,1,33,15,1
2011-02-20 - 2011-02-26,0,1,34,15,2
2011-02-27 - 2011-03-05,0,2,39,14,2
2011-03-06 - 2011-03-12,0,2,37,13,1
2011-03-13 - 2011-03-19,0,2,43,12,1
2011-03-20 - 2011-03-26,0,2,41,12,1
2011-03-27 - 2011-04-02,0,2,39,11,1
2011-04-03 - 2011-04-09,0,2,43,10,1
2011-04-10 - 2011-04-16,0,2,43,9,1
2011-04-17 - 2011-04-23,0,1,42,9,1
2011-04-24 - 2011-04-30,0,1,43,9,1
2011-05-01 - 2011-05-07,0,2,46,9,1
2011-05-08 - 2011-05-14,0,2,59,8,1
2011-05-15 - 2011-05-21,0,2,59,7,1
2011-05-22 - 2011-05-28,0,2,48,7,1
2011-05-29 - 2011-06-04,0,2,52,7,1
2011-06-05 - 2011-06-11,0,2,50,7,1
2011-06-12 - 2011-06-18,0,2,51,7,1
2011-06-19 - 2011-06-25,0,2,51,7,1
2011-06-26 - 2011-07-02,0,2,48,6,1
2011-07-03 - 2011-07-09,0,2,50,6,1
2011-07-10 - 2011-07-16,0,2,46,5,1
2011-07-17 - 2011-07-23,0,2,45,5,1
2011-07-24 - 2011-07-30,0,2,51,6,1
2011-07-31 - 2011-08-06,0,3,53,5,1
2011-08-07 - 2011-08-13,0,3,47,5,1
2011-08-14 - 2011-08-20,0,3,49,5,1
2011-08-21 - 2011-08-27,0,4,51,5,1
2011-08-28 - 2011-09-03,0,4,46,5,1
2011-09-04 - 2011-09-10,0,4,47,5,1
2011-09-11 - 2011-09-17,0,5,48,5,1
2011-09-18 - 2011-09-24,0,4,44,5,1
2011-09-25 - 2011-10-01,0,6,43,5,1
2011-10-02 - 2011-10-08,0,6,43,5,1
2011-10-09 - 2011-10-15,0,6,40,5,1
2011-10-16 - 2011-10-22,0,6,39,5,1
2011-10-23 - 2011-10-29,0,7,40,5,1
2011-10-30 - 2011-11-05,0,8,39,5,1
2011-11-06 - 2011-11-12,0,9,37,5,1
2011-11-13 - 2011-11-19,0,10,37,5,1
2011-11-20 - 2011-11-26,0,11,35,5,1
2011-11-27 - 2011-12-03,0,14,34,5,1
2011-12-04 - 2011-12-10,0,15,33,4,1
2011-12-11 - 2011-12-17,0,15,31,4,1
2011-12-18 - 2011-12-24,0,18,31,4,1
2011-12-25 - 2011-12-31,0,35,31,4,1
2012-01-01 - 2012-01-07,0,29,32,4,2
2012-01-08 - 2012-01-14,0,25,28,4,2
2012-01-15 - 2012-01-21,0,26,25,4,1
2012-01-22 - 2012-01-28,0,25,23,4,1
2012-01-29 - 2012-02-04,0,27,23,4,1
2012-02-05 - 2012-02-11,0,29,20,4,1
2012-02-12 - 2012-02-18,0,32,18,4,1
2012-02-19 - 2012-02-25,0,33,17,4,1
2012-02-26 - 2012-03-03,0,36,16,4,1
2012-03-04 - 2012-03-10,0,35,15,3,1
2012-03-11 - 2012-03-17,0,37,14,3,1
2012-03-18 - 2012-03-24,0,39,13,3,1
2012-03-25 - 2012-03-31,0,40,13,3,1
2012-04-01 - 2012-04-07,0,42,11,3,1
2012-04-08 - 2012-04-14,0,40,10,3,1
2012-04-15 - 2012-04-21,0,42,10,3,1
2012-04-22 - 2012-04-28,0,44,9,3,1
2012-04-29 - 2012-05-05,1,50,9,3,1
2012-05-06 - 2012-05-12,0,54,9,3,1
2012-05-13 - 2012-05-19,1,54,9,3,1
2012-05-20 - 2012-05-26,1,68,10,3,1
2012-05-27 - 2012-06-02,1,74,10,3,1
2012-06-03 - 2012-06-09,1,77,9,3,1
2012-06-10 - 2012-06-16,1,100,8,3,1
2012-06-17 - 2012-06-23,1,77,7,3,1
2012-06-24 - 2012-06-30,1,64,7,3,1
2012-07-01 - 2012-07-07,1,59,6,3,1
2012-07-08 - 2012-07-14,1,50,6,2,1
2012-07-15 - 2012-07-21,1,48,6,2,1
2012-07-22 - 2012-07-28,1,53,6,2,1
2012-07-29 - 2012-08-04,2,67,5,2,1
2012-08-05 - 2012-08-11,2,64,5,2,1
2012-08-12 - 2012-08-18,2,54,5,2,1
2012-08-19 - 2012-08-25,2,47,5,2,1
2012-08-26 - 2012-09-01,3,50,5,2,1
2012-09-02 - 2012-09-08,3,48,5,2,1
2012-09-09 - 2012-09-15,3,46,5,2,1
2012-09-16 - 2012-09-22,4,43,5,2,1
2012-09-23 - 2012-09-29,4,42,4,2,1
2012-09-30 - 2012-10-06,4,42,4,2,1
2012-10-07 - 2012-10-13,4,38,4,2,1
2012-10-14 - 2012-10-20,4,39,4,2,1
2012-10-21 - 2012-10-27,5,43,4,2,1
2012-10-28 - 2012-11-03,5,67,3,2,1
2012-11-04 - 2012-11-10,6,40,3,2,1
2012-11-11 - 2012-11-17,7,39,3,2,1
2012-11-18 - 2012-11-24,8,43,3,2,1
2012-11-25 - 2012-12-01,9,39,3,2,1
2012-12-02 - 2012-12-08,11,38,3,2,1
2012-12-09 - 2012-12-15,12,36,3,2,1
2012-12-16 - 2012-12-22,14,39,3,2,1
2012-12-23 - 2012-12-29,20,32,3,2,1
2012-12-30 - 2013-01-05,33,34,3,2,1
2013-01-06 - 2013-01-12,21,34,3,2,1
2013-01-13 - 2013-01-19, , , , , 
2013-01-20 - 2013-01-26, , , , , 
2013-01-27 - 2013-02-02, , , , , 


Top subregions for 2013
Subregion,2013,2012,2011,2010,2009
Rivnens'ka,100,100,100,83,47
Khmel'nyts'ka Oblast',98,93,85,72,48
Zhytomyrs'ka Oblast',94,88,78,74,66
Mykolaivs'ka oblast,91,92,83,70,39
Kievs'ka oblast,89,86,54,65,79
Sums 'ka Oblast',85,84,67,76,87
Chernivets'ka Oblast',82,83,82,88,79
Ivano-Frankivs'ka Oblast',79,82,66,64,61
Zakarpats'ka Oblast',78,89,89,71,41
Khersons'ka Oblast',73,81,71,69,72
Zaporiz'ka Oblast',72,95,55,54,56
Cherkas'ka Oblast',71,66,54,71,80
Sevastopol,68,69,58,62,63
Vinnyts'ka Oblast',68,76,70,71,76
Luhans'ka Oblast',67,86,62,55,51
Ternopil's'ka Oblast',67,61,79,82,66
Volyos'ka Oblast',67,61,76,93,97
Kyïv,67,82,66,75,86
Chernihivs'ka Oblast',67,62,72,100,100
Kirovohrads'ka Oblast',66,74,74,72,75
Dnipropetrovs'ka Oblast',65,90,77,64,60
Respublika Krym,62,86,66,61,56
Donets'ka Oblast',59,83,67,69,66
Odes 'ka Oblast',59,76,61,62,60
L'vivs'ka Oblast',59,88,75,75,68
Kharkivs'ka Oblast',57,89,78,71,70
Poltavs'ka Oblast',50,63,86,83,77

Top subregions for 2012
Subregion,2013,2012,2011,2010,2009
Rivnens'ka,100,100,100,83,47
Zaporiz'ka Oblast',72,95,55,54,56
Khmel'nyts'ka Oblast',98,93,85,72,48
Mykolaivs'ka oblast,91,92,83,70,39
Dnipropetrovs'ka Oblast',65,90,77,64,60
Zakarpats'ka Oblast',78,89,89,71,41
Kharkivs'ka Oblast',57,89,78,71,70
L'vivs'ka Oblast',59,88,75,75,68
Zhytomyrs'ka Oblast',94,88,78,74,66
Luhans'ka Oblast',67,86,62,55,51
Kievs'ka oblast,89,86,54,65,79
Respublika Krym,62,86,66,61,56
Sums 'ka Oblast',85,84,67,76,87
Chernivets'ka Oblast',82,83,82,88,79
Donets'ka Oblast',59,83,67,69,66
Ivano-Frankivs'ka Oblast',79,82,66,64,61
Kyïv,67,82,66,75,86
Khersons'ka Oblast',73,81,71,69,72
Odes 'ka Oblast',59,76,61,62,60
Vinnyts'ka Oblast',68,76,70,71,76
Kirovohrads'ka Oblast',66,74,74,72,75
Sevastopol,68,69,58,62,63
Cherkas'ka Oblast',71,66,54,71,80
Poltavs'ka Oblast',50,63,86,83,77
Chernihivs'ka Oblast',67,62,72,100,100
Ternopil's'ka Oblast',67,61,79,82,66
Volyos'ka Oblast',67,61,76,93,97

Top subregions for 2011
Subregion,2013,2012,2011,2010,2009
Rivnens'ka,100,100,100,83,47
Zakarpats'ka Oblast',78,89,89,71,41
Poltavs'ka Oblast',50,63,86,83,77
Khmel'nyts'ka Oblast',98,93,85,72,48
Mykolaivs'ka oblast,91,92,83,70,39
Chernivets'ka Oblast',82,83,82,88,79
Ternopil's'ka Oblast',67,61,79,82,66
Zhytomyrs'ka Oblast',94,88,78,74,66
Kharkivs'ka Oblast',57,89,78,71,70
Dnipropetrovs'ka Oblast',65,90,77,64,60
Volyos'ka Oblast',67,61,76,93,97
L'vivs'ka Oblast',59,88,75,75,68
Kirovohrads'ka Oblast',66,74,74,72,75
Chernihivs'ka Oblast',67,62,72,100,100
Khersons'ka Oblast',73,81,71,69,72
Vinnyts'ka Oblast',68,76,70,71,76
Donets'ka Oblast',59,83,67,69,66
Sums 'ka Oblast',85,84,67,76,87
Respublika Krym,62,86,66,61,56
Ivano-Frankivs'ka Oblast',79,82,66,64,61
Kyïv,67,82,66,75,86
Luhans'ka Oblast',67,86,62,55,51
Odes 'ka Oblast',59,76,61,62,60
Sevastopol,68,69,58,62,63
Zaporiz'ka Oblast',72,95,55,54,56
Kievs'ka oblast,89,86,54,65,79
Cherkas'ka Oblast',71,66,54,71,80

Top subregions for 2010
Subregion,2013,2012,2011,2010,2009
Chernihivs'ka Oblast',67,62,72,100,100
Volyos'ka Oblast',67,61,76,93,97
Chernivets'ka Oblast',82,83,82,88,79
Rivnens'ka,100,100,100,83,47
Poltavs'ka Oblast',50,63,86,83,77
Ternopil's'ka Oblast',67,61,79,82,66
Sums 'ka Oblast',85,84,67,76,87
L'vivs'ka Oblast',59,88,75,75,68
Kyïv,67,82,66,75,86
Zhytomyrs'ka Oblast',94,88,78,74,66
Kirovohrads'ka Oblast',66,74,74,72,75
Khmel'nyts'ka Oblast',98,93,85,72,48
Kharkivs'ka Oblast',57,89,78,71,70
Vinnyts'ka Oblast',68,76,70,71,76
Zakarpats'ka Oblast',78,89,89,71,41
Cherkas'ka Oblast',71,66,54,71,80
Mykolaivs'ka oblast,91,92,83,70,39
Donets'ka Oblast',59,83,67,69,66
Khersons'ka Oblast',73,81,71,69,72
Kievs'ka oblast,89,86,54,65,79
Dnipropetrovs'ka Oblast',65,90,77,64,60
Ivano-Frankivs'ka Oblast',79,82,66,64,61
Sevastopol,68,69,58,62,63
Odes 'ka Oblast',59,76,61,62,60
Respublika Krym,62,86,66,61,56
Luhans'ka Oblast',67,86,62,55,51
Zaporiz'ka Oblast',72,95,55,54,56

Top subregions for 2009
Subregion,2013,2012,2011,2010,2009
Chernihivs'ka Oblast',67,62,72,100,100
Volyos'ka Oblast',67,61,76,93,97
Sums 'ka Oblast',85,84,67,76,87
Kyïv,67,82,66,75,86
Cherkas'ka Oblast',71,66,54,71,80
Chernivets'ka Oblast',82,83,82,88,79
Kievs'ka oblast,89,86,54,65,79
Poltavs'ka Oblast',50,63,86,83,77
Vinnyts'ka Oblast',68,76,70,71,76
Kirovohrads'ka Oblast',66,74,74,72,75
Khersons'ka Oblast',73,81,71,69,72
Kharkivs'ka Oblast',57,89,78,71,70
L'vivs'ka Oblast',59,88,75,75,68
Donets'ka Oblast',59,83,67,69,66
Zhytomyrs'ka Oblast',94,88,78,74,66
Ternopil's'ka Oblast',67,61,79,82,66
Sevastopol,68,69,58,62,63
Ivano-Frankivs'ka Oblast',79,82,66,64,61
Odes 'ka Oblast',59,76,61,62,60
Dnipropetrovs'ka Oblast',65,90,77,64,60
Respublika Krym,62,86,66,61,56
Zaporiz'ka Oblast',72,95,55,54,56
Luhans'ka Oblast',67,86,62,55,51
Khmel'nyts'ka Oblast',98,93,85,72,48
Rivnens'ka,100,100,100,83,47
Zakarpats'ka Oblast',78,89,89,71,41
Mykolaivs'ka oblast,91,92,83,70,39


Top cities for 2013
City,2013
Khmelnytskyi,100
Rivne,87
Mykolaiv,85
Chernivtsi,83
Kyiv,76
Ivano-Frankivsk,74
Uzhhorod,69
Zaporizhzhia,68
Kherson,68
Dnipropetrovs'k,66
Mariupol,65
Luhans'k,63
Sevastopol,63
Ternopil,62
Vinnytsia,60

Top cities for 2012
City,2012
Kyiv,100
Kharkiv,96
Zaporizhzhia,96
Rivne,93
l'Viv,93
Khmelnytskyi,90
Chernivtsi,90
Mykolaiv,88
Dnipropetrovs'k,88
Zhytomyr,80
Odessa,80
Uzhhorod,78
Ivano-Frankivsk,76
Kherson,76
Donets'k,76

Top cities for 2011
City,2011
Rivne,100
Poltava,97
Uzhhorod,92
Kharkiv,86
Khmelnytskyi,85
Mykolaiv,82
l'Viv,82
Kyiv,79
Zhytomyr,79
Ternopil,77
Chernivtsi,75
Luts'k,72
Dnipropetrovs'k,71
Kryvyi Rih,70
Kherson,70

Top cities for 2010
City,2010
Luts'k,100
Poltava,97
Kyiv,94
Ternopil,86
l'Viv,86
Kharkiv,82
Kryvyi Rih,79
Uzhhorod,79
Mykolaiv,79
Donets'k,78
Cherkasy,75
Vinnytsia,75
Ivano-Frankivsk,74
Kherson,73
Odessa,70

Top cities for 2009
City,2009
Kyiv,100
Cherkasy,87
Donets'k,80
Kharkiv,75
Vinnytsia,72
Poltava,69
l'Viv,69
Ternopil,64
Dnipropetrovs'k,64
Odessa,63
Simferopol,63
Luhans'k,62
Zaporizhzhia,56



Top searches for 2013
2013 год,100
новый год 2013,50
новый год,50
гороскоп 2013,40
гороскоп,40
гороскоп на 2013,30
2013 рік,25
с новым годом,20
календарь 2013,20
календарь,20
pes 2013,15
поздравления,15
зима 2013,10
зно,10
год змеи,10
зно 2013,10
новий рік 2013,10
год змеи 2013,10
з новим роком,10
2013 год кого,10
пасха 2013,10
платья 2013,5
скачать pes 2013,5
календарь на 2013,5
календар 2013,5
fifa 2013,5
мода 2013,5
фильмы 2013,5
office 2013,5
бюджет 2013,5
календарь 2012,5
гороскоп на 2012,5
пес 2013,5
лига чемпионов 2013,5
farming simulator 2013,5
лига чемпионов,5
жеребьевка лиги чемпионов,5
стрижки 2013,5
pes 2012,5
выходные дни 2013,5
пасха в 2013,5
новогодние поздравления,0
бюджет на 2013,0
вихідні дні 2013,0
новогодние поздравления 2013,0
новогодний стол 2013,0
новогодние картинки,0
новогодние картинки 2013,0
microsoft office 2013,0
microsoft office,0


Top searches for 2012
2012 смотреть онлайн,100
фильмы,70
евро 2012,70
фильмы 2012,70
фильм 2012,45
фильмы онлайн 2012,35
2012 год,30
фильм онлайн,25
календарь 2012,25
календарь,25
погода,25
смотреть фильмы онлайн,25
смотреть фильм,20
игры,20
смотреть фильм онлайн,20
игры 2012,20
гороскоп,20
гороскоп 2012,20
новинки 2012,15
зно 2012,15
євро 2012,15
гороскоп на 2012,15
новости,15
кино 2012,10
комедии 2012,10
футбол,10
комедии,10
выборы 2012,10
евровидение 2012,10
фільми 2012,10
музыка 2012,10
фильмы 2012 года,10
новый год 2012,10
конец света,10
конец света 2012,10
олимпиада 2012,10
вибори 2012,10
мультфильмы,10
мультфильмы 2012,10
евро 2012 расписание,10
euro 2012,5
pes 2012,5
платья 2012,5
евро 2012 онлайн,5
фільми 2012 онлайн,5
фільми онлайн,5
мода 2012,5
пасха 2012,5
21 декабря 2012,5
стрижки 2012,5


Top searches for 2011
фильмы,100
скачать,100
фильмы 2011,95
онлайн фильмы 2011,50
фильмы онлайн,50
фильм 2011,45
смотреть фильмы 2011,35
смотреть фильмы онлайн,30
фильм онлайн,30
смотреть фильм,25
смотреть онлайн фильм,20
календарь 2011,20
календарь,20
комедии,20
игры,20
комедии 2011,15
игры 2011,15
гороскоп,15
фільми,15
фільми 2011,15
мультфильмы 2011,10
музыка,10
музыка 2011,10
мультфильмы,10
новости,10
песни 2011,10
фильмы 2011 года,10
гороскоп на 2011,10
зно,10
зно 2011,10
фільми онлайн,10
фільми онлайн 2011,10
лучшие фильмы,10
комедии 2011 онлайн,10
лучшие фильмы 2011,10
мультики 2011,10
кино онлайн,10
евровидение 2011,10
новинки кино,5
новинки кино 2011,5
платья 2011,5
ммм 2011,5
скачать музыку,5
лунный календарь 2011,5
мода 2011,5
лунный календарь,5
стрижки 2011,5
фильмы 2012,5
смотреть кино онлайн,5
pes 2011,5


Top searches for 2010
фильмы 2010,100
фильмы,100
office,55
office 2010,50
онлайн фильмы 2010,45
фильмы онлайн,45
microsoft,40
2010 год,40
microsoft office 2010,30
microsoft office,30
смотреть фильмы онлайн,30
игры 2010,25
скачать office 2010,20
календарь 2010,20
комедии 2010,20
комедии,20
смотреть фильм онлайн,20
гороскоп 2010,20
гороскоп,20
фильмы 2011,15
мультфильмы,15
фильмы 2010 года,15
мультфильмы 2010,15
гороскоп на 2010,15
зно 2010,15
зно,15
лучшие фильмы 2010,10
лучшие фильмы,10
музыка,10
фільми 2010,10
фільми,10
музыка 2010,10
офис 2010,10
visual studio 2010,10
евровидение 2010,10
евровидение,10
чм 2010,10
fifa 2010,10
чемпионат мира 2010,10
выборы 2010,10
pes 2010,10
комедии 2010 онлайн,10
футбол 2010,10
скачать музыку 2010,10
мультики 2010,10
скачать музыку,10
вибори 2010,10
фільми онлайн,10
фільми онлайн 2010,10
новинки кино 2010,5


Top searches for 2009
2009 год,100
фильмы 2009,90
гороскоп 2009,50
гороскоп,50
календарь,45
календарь 2009,45
гороскоп на 2009,35
евровидение,35
фильмы онлайн 2009,35
евровидение 2009,35
мода 2009,20
зно 2009,20
зно,20
pes,20
pes 2009,20
комедии 2009,15
комедии,15
музыка 2009,15
фильмы 2009 года,15
новый год 2009,15
фільми,15
лучшие фильмы 2009,15
лучшие фильмы,15
фільми 2009,15
kaspersky,15
лунный календарь 2009,15
лунный календарь,15
стрижки 2009,15
fifa 2009,15
бюджет 2009,15
фильмы 2010,10
шерлок холмс,10
фільми онлайн 2009,10
шерлок холмс 2009,10
фильмы 2011,10
фільми онлайн,10
kis 2009,10
євробачення 2009,10
пасха 2009,10
касперский 2009,10
карантин 2009,10
календар 2009,10
новые фильмы,5
комедии онлайн,5
хиты 2009,5
новые фильмы 2009,5
скачать бесплатно фильмы,5
прически 2009,5
новинки кино,5
farming simulator 2009,5



Rising searches for 2013
2013 год,Breakout
2013 рік,Breakout
pes 2013,Breakout
гороскоп,Breakout
гороскоп 2013,Breakout
гороскоп на 2013,Breakout
зима 2013,Breakout
календарь,Breakout
календарь 2013,Breakout
новый год,Breakout


Rising searches for 2012
2012 год,Breakout
2012 смотреть онлайн,Breakout
евро 2012,Breakout
игры,Breakout
календарь,Breakout
календарь 2012,Breakout
погода,Breakout
смотреть фильм,Breakout
смотреть фильмы онлайн,Breakout
фильм 2012,Breakout


Rising searches for 2011
календарь,Breakout
календарь 2011,Breakout
комедии,Breakout
онлайн фильмы 2011,Breakout
скачать,Breakout
смотреть онлайн фильм,Breakout
смотреть фильм,Breakout
смотреть фильмы 2011,Breakout
смотреть фильмы онлайн,Breakout
фильм 2011,Breakout


Rising searches for 2010
2010 год,Breakout
microsoft,Breakout
microsoft office,Breakout
microsoft office 2010,Breakout
office,Breakout
office 2010,Breakout
игры 2010,Breakout
онлайн фильмы 2010,Breakout
скачать office 2010,Breakout
смотреть фильмы онлайн,Breakout


Rising searches for 2009
2009 год,Breakout
гороскоп,Breakout
гороскоп 2009,Breakout
гороскоп на 2009,Breakout
евровидение,Breakout
евровидение 2009,Breakout
календарь,Breakout
календарь 2009,Breakout
фильмы 2009,Breakout
фильмы онлайн 2009,Breakout



